20.9
27.7
13.4
12.1
12.1
12.5
14.0
16.1
11.8
12.8
12.9
11.8
11.2
9.2
9.0
22.5
17.7
8.8
9.8
14.2
12.7
14.8
17.0
14.2
10.7
21.0
11.7
14.8
13.2
11.0
10.4
12.8
12.8
16.6
19.7
13.0
30.0
9.5
21.1
11.9
32.5
22.7
14.4
19.6
38.5
17.4
9.5
15.2
20.7
10.6
31.5
19.9
10.4
11.0
23.0
11.1
16.0
15.5
40.3
14.9
13.0
16.3
27.0
10.5
9.5
11.1
10.4
12.0
13.3
32.8
11.7
19.4
28.1
17.8
29.0
30.1
26.9
36.7
23.7
25.4
20.0
15.4
21.3
17.1
14.5
11.0
25.7
15.7
34.1
24.3
23.1
23.9
5.4
16.7
22.7
9.3
10.4
22.5
31.1
16.1
12.3
11.1
9.3
29.8
11.9
14.9
29.8
18.0
19.8
24.2
14.3
12.4
12.2
16.5
28.7
15.4
10.8
7.4
17.3
12.6
21.4
9.5
16.8
13.8
20.3
14.7
24.4
14.3
13.9
11.4
10.2
12.7
19.1
27.2
12.4
10.0
20.9
17.6
14.7
14.1
12.3
12.0
14.4
11.7
8.8
17.5
14.7
10.7
10.4
7.1
7.9
10.6
11.7
18.2
10.3
12.9
13.9
13.0
11.3
12.9
12.8
12.7
15.5
11.9
12.0
13.8
8.6
12.3
20.7
9.3
31.2
12.3
11.7
23.4
11.6
12.0
19.2
8.6
11.0
14.2
16.1
13.6
28.7
18.1
10.1
9.4
41.8
31.2
19.3
24.4
21.2
13.8
39.0
14.0
32.0
19.6
14.6
27.5
13.3
21.4
15.0
12.9
16.2
13.1
29.7
13.6
54.6
21.3
22.0
12.6
18.7
29.8
23.0
31.3
32.3
36.8
35.1
22.6
20.5
28.0
18.2
18.7
34.6
52.4
18.1
31.5
44.4
31.3
46.5
37.0
18.8
18.5
23.9
24.3
32.2
16.4
18.7
13.5
21.3
13.3
19.5
31.4
37.9
13.7
20.9
24.2
38.8
32.9
17.2
8.8
58.3
47.5
33.9
21.3
39.8
19.1
19.5
12.3
32.7
18.3
42.9
18.4
55.8
47.0
29.6
35.2
15.6
26.6
29.1
32.8
54.5
42.2
28.0
22.2
40.7
20.6
13.5
28.1
41.4
43.8
16.3
15.6
15.8
25.7
39.3
15.6
27.3
24.5
15.1
15.5
47.5
32.0
16.8
56.8
14.1
21.5
23.1
20.3
48.0
23.8
24.8
53.5
15.0
47.7
31.6
18.5
25.9
17.7
44.8
34.9
33.4
39.1
32.9
31.3
36.9
22.3
21.4
33.8
22.2
52.4
40.5
10.0
21.1
9.2
26.3
29.9
7.8
21.2
16.6
24.0
31.7
13.3
10.6
8.4
26.4
23.7
23.3
14.4
14.9
11.1
12.2
13.6
9.4
8.8
9.9
15.5
14.9
29.5
12.0
26.6
14.2
16.9
9.3
20.5
24.7
44.2
11.1
12.8
9.7
26.6
17.4
29.9
26.3
28.0
22.8
27.4
10.2
30.1
17.6
32.4
20.4
27.5
18.1
11.4
41.4
19.5
25.9
30.8
35.0
25.2
9.8
11.6
10.0
20.8
17.2
24.1
11.4
12.8
7.7
12.1
10.9
19.0
11.6
17.1
15.9
9.8
12.8
22.5
14.9
6.4
11.4
30.6
27.7
9.9
8.4
11.5
19.5
14.6
18.3
17.5
9.4
31.3
27.5
7.7
34.2
39.5
7.9
18.0
12.5
43.7
12.9
13.1
34.1
12.4
26.9
13.0
15.5
17.0
24.4
14.7
39.7
15.2
10.1
17.8
24.4
12.9
5.7
16.8
11.3
11.6
14.1
14.4
42.6
18.1
43.8
13.0
48.2
16.4
9.6
26.1
14.2
11.3
21.4
33.9
17.1
22.8
9.9
14.1
27.3
15.5
8.2
26.1
24.0
10.3
19.5
13.3
9.6
8.8
13.1
11.5
17.8
14.2
12.0
15.0
20.5
20.2
11.4
14.0
23.1
25.4
13.7
15.8
10.1
14.9
10.6
8.9
11.9
9.6
18.7
15.5
22.7
9.6
22.6
19.4
43.1
18.0
23.4
19.2
22.5
11.8
17.0
13.1
9.6
18.7
3.2
26.6
17.4
20.5
26.0
14.2
13.0
12.2
14.8
14.2
10.0
18.5
12.3
9.3
11.6
10.1
10.9
8.7
18.1
16.0
15.2
22.7
12.3
18.6
9.8
10.8
19.6
11.4
14.0
18.4
13.9
7.3
11.1
11.4
11.2
8.5
19.3
14.0
8.6
14.5
8.2
8.1
25.6
32.1
41.5
25.1
25.7
36.0
21.9
26.8
16.1
13.4
17.3
44.7
24.1
21.1
26.0
15.4
17.9
22.3
16.8
17.5
15.6
11.4
15.5
26.3
16.9
17.4
19.7
15.8
12.1
14.8
22.0
13.4
23.3
44.1
23.8
16.2
11.8
33.7
9.9
21.1
13.2
8.2
16.4
15.9
13.5
34.4
16.3
34.3
16.7
21.3
8.4
19.1
19.3
12.2
17.4
14.4
15.1
13.0
42.4
13.5
17.6
14.0
20.3
24.2
34.7
17.1
13.8
29.8
16.8
16.2
46.3
18.2
10.5
20.0
13.1
16.3
13.1
14.5
12.0
12.9
20.2
15.7
18.4
12.2
15.7
19.8
14.6
35.1
16.2
15.9
16.2
23.7
15.1
31.7
17.1
34.2
17.0
41.9
15.9
8.4
16.0
14.5
16.2
33.3
32.4
42.8
22.3
15.9
24.4
13.9
17.0
14.2
16.7
22.1
14.7
25.9
12.1
20.7
14.1
19.9
28.9
14.3
26.5
13.5
13.5
12.0
14.1
11.8
20.4
21.8
25.3
14.6
32.5
18.6
13.7
14.4
16.7
17.9
23.6
20.1
13.9
16.8
20.9
20.5
11.8
14.3
16.2
32.3
22.5
21.2
27.6
14.7
26.3
26.5
16.0
9.8
41.0
21.1
16.0
13.7
18.9
14.0
13.0
12.1
12.4
17.6
13.7
16.3
22.5
18.9
18.2
8.9
22.6
11.9
18.1
12.7
16.1
16.8
12.1
55.1
26.3
14.9
32.2
14.9
20.0
16.9
14.5
14.9
10.0
17.8
9.6
26.8
14.1
20.3
10.3
19.8
17.3
13.7
16.7
27.4
16.6
10.8
10.6
43.4
17.8
16.1
8.5
13.2
13.1
12.6
11.0
13.7
10.9
11.2
25.4
20.5
13.1
16.2
12.4
15.9
15.1
26.5
11.5
14.8
15.5
12.3
19.4
13.2
9.9
35.7
16.4
18.4
22.6
13.0
21.2
17.0
16.0
27.2
11.9
17.4
15.7
15.4
16.7
16.3
13.7
14.9
18.3
16.6
18.8
25.3
20.3
28.3
17.1
20.0
15.0
19.1
18.8
19.0
19.5
21.0
19.6
13.8
14.3
18.4
15.5
17.7
14.7
43.6
16.4
18.4
15.5
18.9
25.4
27.1
15.3
18.4
15.9
15.1
20.5
17.4
20.7
17.1
18.0
16.6
19.7
17.7
20.0
11.6
18.2
19.6
21.0
14.5
17.8
31.2
51.1
17.2
13.4
18.3
15.8
31.2
13.5
11.3
17.6
21.5
21.5
25.0
19.3
24.0
15.7
14.3
19.3
15.1
16.2
18.9
15.6
17.4
16.5
20.9
17.8
34.9
19.1
24.1
17.6
19.1
31.6
18.2
23.4
47.7
16.1
13.8
16.5
14.4
16.2
26.7
20.8
14.1
19.2
18.6
26.5
20.3
16.3
16.0
16.1
19.0
21.6
19.8
18.3
22.0
18.2
26.7
23.6
16.3
14.9
21.7
26.2
20.7
16.6
19.9
23.9
20.0
27.2
19.9
18.5
17.5
49.6
22.3
18.0
32.3
20.8
17.9
16.7
20.2
20.8
20.3
22.9
17.8
20.2
21.9
16.5
12.6
16.9
26.3
17.7
22.6
17.7
21.3
14.7
51.7
17.2
19.3
20.0
20.4
22.7
28.7
19.7
14.2
15.6
24.1
25.7
20.8
15.0
23.8
23.9
23.8
17.9
17.4
17.5
19.5
16.2
19.0
15.4
20.6
18.0
21.0
22.9
18.3
29.3
23.4
23.3
19.8
19.8
20.9
45.0
20.9
19.4
21.8
23.9
23.4
28.7
12.6
28.6
22.4
15.7
16.7
19.1
18.5
17.6
17.8
27.9
21.5
20.6
23.5
16.1
16.6
13.0
18.2
15.5
13.9
12.7
20.4
13.1
14.7
12.0
10.8
30.4
15.8
16.3
22.8
14.2
9.8
9.4
12.7
8.2
16.8
27.7
28.5
15.5
9.5
10.4
8.4
15.1
19.4
9.0
7.0
11.4
13.9
18.8
9.8
7.7
8.3
40.1
12.8
12.8
26.8
13.1
8.8
15.2
10.9
16.9
9.5
12.0
15.7
11.5
20.8
10.6
14.2
8.8
16.4
12.8
10.3
14.2
8.2
30.4
27.4
10.2
29.1
13.0
10.1
11.1
12.6
10.8
5.6
7.3
11.5
10.6
9.6
11.3
13.3
13.3
22.5
7.3
10.3
28.0
8.9
12.5
15.3
7.5
14.8
12.7
12.1
18.9
8.6
12.0
14.6
11.5
11.3
16.6
13.7
8.0
40.1
15.9
12.4
12.4
13.5
12.5
11.9
15.1
12.5
10.9
23.8
11.9
27.9
23.8
14.8
16.6
15.1
9.4
18.4
16.1
11.4
28.4
15.6
9.8
8.4
13.4
11.8
31.6
10.2
11.1
24.9
9.7
9.7
15.0
11.1
25.2
22.7
19.9
8.2
15.4
11.2
12.5
11.3
11.3
34.2
9.2
13.0
11.4
11.6
10.2
13.6
12.8
13.8
23.6
13.0
28.3
14.8
12.9
34.4
17.5
11.2
12.9
21.6
33.7
22.9
15.3
14.3
18.3
11.9
13.2
13.0
12.0
19.7
10.3
13.0
14.5
13.2
13.3
10.8
30.1
19.4
10.3
13.4
13.1
12.6
18.8
11.2
13.6
18.0
9.5
18.8
11.3
18.8
16.7
41.0
23.7
33.0
24.6
30.4
33.1
18.9
23.8
16.4
32.3
15.4
28.2
20.0
28.8
16.8
37.1
35.7
30.0
15.0
32.7
22.2
26.7
18.0
38.2
18.3
32.7
60.0
29.6
57.1
29.8
33.2
29.5
14.2
33.3
19.5
26.3
27.6
26.8
39.1
30.3
25.3
40.7
36.6
34.0
24.5
42.3
50.7
44.0
49.2
33.5
40.4
33.8
13.0
17.1
20.2
16.0
23.8
11.4
12.0
17.7
18.2
24.9
24.2
13.4
19.5
16.2
27.0
16.3
18.5
11.1
28.2
15.2
18.2
20.0
24.6
31.8
18.9
11.8
18.3
30.4
14.0
15.3
28.9
13.7
36.5
14.0
14.0
18.4
25.3
18.8
34.0
12.1
31.7
23.9
8.4
17.0
39.2
19.3
32.9
12.7
18.5
22.5
19.1
29.1
19.8
21.6
14.4
32.3
13.0
18.0
13.4
9.9
17.2
12.9
43.1
15.0
11.3
15.3
12.6
10.4
19.8
30.0
16.3
12.9
19.1
16.3
14.5
11.4
12.4
14.2
12.7
17.9
51.3
21.3
16.8
14.7
26.9
21.3
26.9
20.3
17.6
30.5
20.9
21.3
44.5
19.6
17.3
21.0
30.3
13.3
37.4
17.2
22.5
38.7
23.6
23.6
16.9
18.4
14.8
22.9
18.3
45.8
22.7
23.6
16.5
21.4
17.7
13.1
20.7
20.7
17.2
17.6
21.5
13.8
22.3
18.9
26.9
17.7
13.3
17.5
18.5
17.7
15.0
16.0
16.6
16.5
32.1
14.5
14.3
40.1
22.4
16.1
13.5
16.8
21.9
20.5
39.4
16.0
16.4
14.6
27.7
17.9
17.9
26.1
38.0
25.1
14.5
24.6
24.9
27.5
17.0
12.6
15.1
20.0
13.6
18.8
40.5
15.9
16.5
26.8
26.5
17.4
17.5
17.4
11.6
16.0
9.9
21.2
9.5
12.3
10.0
12.6
18.6
11.7
17.9
17.5
13.5
14.2
21.6
27.0
11.3
10.3
7.8
14.7
22.0
20.7
27.4
12.7
10.9
5.3
13.5
19.6
12.9
19.9
14.4
16.8
10.4
37.2
33.1
18.9
12.9
10.7
21.8
19.0
16.8
21.4
45.8
13.2
11.2
13.1
13.1
12.6
14.7
11.2
42.6
14.3
13.2
8.2
15.8
12.0
11.4
13.7
28.5
9.6
21.1
14.7
13.2
13.6
13.0
8.5
15.4
10.3
11.3
15.4
14.8
12.6
24.7
18.7
10.2
19.0
11.8
15.8
13.2
11.9
27.6
22.0
21.3
13.1
13.3
16.9
11.9
10.8
10.9
47.3
20.1
14.4
13.5
21.1
20.8
27.4
15.6
13.8
23.3
14.6
11.7
25.9
12.0
30.6
17.1
30.8
18.4
13.2
13.2
14.1
16.4
9.5
11.4
10.5
11.4
17.9
15.4
15.3
28.3
14.9
9.6
14.4
10.4
16.2
22.7
15.4
11.0
27.6
20.2
17.4
25.6
14.8
12.9
17.0
15.4
12.5
14.2
12.7
17.5
10.5
15.3
7.7
16.5
18.5
12.9
14.5
9.8
18.1
13.1
12.1
12.7
12.3
18.1
23.4
9.8
15.4
12.5
10.0
14.6
15.2
27.2
10.3
39.2
18.3
21.4
13.7
13.3
13.6
13.9
6.7
10.7
35.1
12.1
10.7
14.3
40.6
17.2
9.8
17.0
14.6
11.2
12.7
13.3
15.2
12.0
18.6
12.0
13.2
16.0
8.4
10.3
15.0
15.6
11.1
29.6
27.2
15.5
15.9
19.4
27.6
16.4
24.6
22.9
19.7
22.9
18.1
18.1
16.1
25.5
28.4
46.0
13.0
18.4
20.3
26.5
22.6
33.5
29.7
24.8
37.5
20.6
18.3
18.6
32.7
17.4
12.1
39.1
13.6
33.6
15.4
15.9
20.5
19.9
17.8
16.9
24.5
17.7
13.7
22.3
16.7
23.4
22.2
22.1
27.1
24.5
14.6
21.3
17.1
19.2
19.6
28.7
20.4
16.7
31.7
15.8
16.0
13.8
17.6
16.1
21.8
31.6
18.3
14.1
23.6
16.6
18.2
21.3
25.3
17.6
14.4
17.5
21.0
11.1
40.6
16.0
21.8
16.5
18.7
36.4
22.2
18.2
17.5
16.5
16.8
20.0
20.8
13.8
18.0
17.7
15.0
17.1
24.1
15.3
19.8
13.8
19.0
24.7
17.8
13.5
12.8
26.4
20.4
17.2
16.4
17.0
36.1
19.4
19.9
12.6
26.3
20.8
17.0
18.3
13.2
24.9
13.7
23.2
11.6
22.3
21.7
18.8
18.5
20.3
19.5
18.8
19.1
15.1
36.2
24.4
20.0
26.1
22.6
17.7
27.0
17.7
16.3
22.7
15.8
17.8
28.9
33.1
17.2
17.5
24.9
16.8
22.1
25.7
16.4
13.9
24.7
12.6
12.0
16.3
16.7
11.0
12.3
10.5
21.5
27.3
13.8
20.1
28.0
31.2
30.4
17.3
37.7
35.0
33.3
37.2
31.8
25.6
24.2
45.9
34.6
29.1
28.7
14.3
32.0
28.4
36.3
47.6
38.8
40.1
41.4
50.0
25.4
25.6
20.4
51.1
32.4
31.8
29.6
32.1
18.5
18.4
10.4
19.8
20.4
17.9
26.6
16.7
24.2
11.3
21.4
14.1
13.3
23.6
63.4
13.8
11.2
9.5
16.6
13.2
16.4
21.1
28.3
15.2
19.6
39.7
21.1
19.4
29.5
14.7
17.0
16.6
38.8
18.9
18.1
26.1
17.2
19.6
20.7
21.5
17.1
22.1
28.2
23.5
19.8
32.9
30.9
23.3
16.5
14.9
20.8
20.1
24.2
20.5
20.0
30.6
13.6
24.4
25.9
35.8
16.0
41.5
58.9
22.2
22.4
33.1
31.7
28.7
16.4
17.2
26.8
38.4
30.0
28.6
29.7
40.4
20.4
37.1
29.0
19.3
16.9
19.2
20.8
32.9
20.9
24.1
49.3
29.9
28.0
18.3
20.9
45.4
14.6
23.2
21.7
11.7
18.3
10.2
19.5
20.4
18.3
10.6
10.5
25.1
33.8
16.6
25.1
12.5
18.8
23.9
9.0
21.0
36.4
16.7
20.1
20.6
16.3
12.2
21.0
22.7
18.4
30.6
17.6
24.9
10.4
45.1
10.5
31.9
17.1
18.0
11.6
14.4
16.4
11.6
33.2
11.8
18.5
23.1
27.7
15.4
17.2
10.7
23.9
27.9
20.4
11.1
20.2
14.0
19.4
13.9
20.5
18.6
11.9
40.7
16.9
15.1
31.3
19.2
36.6
9.4
18.0
55.8
18.7
20.1
21.7
18.4
14.7
28.1
26.9
13.8
12.4
12.5
12.9
17.0
17.0
12.6
14.3
16.0
13.4
15.0
16.3
27.6
8.4
31.8
11.4
48.0
13.5
11.7
37.9
16.4
12.5
17.9
13.1
17.9
23.2
26.2
11.6
21.6
20.9
20.7
17.4
33.2
37.2
16.4
23.6
21.8
17.9
20.1
14.4
19.6
18.3
32.6
16.4
14.8
17.3
19.4
21.5
13.0
16.3
18.6
22.3
17.5
20.5
24.1
18.3
21.0
16.4
19.2
12.4
21.0
16.5
17.2
20.8
19.9
17.9
16.0
17.7
22.5
24.7
20.3
23.7
21.8
28.9
18.3
25.9
19.3
19.9
10.6
17.2
19.3
12.6
28.2
17.1
14.4
11.0
27.4
11.0
17.0
17.6
25.6
14.5
12.6
12.3
11.8
29.7
11.9
16.5
50.5
21.0
26.0
13.7
36.4
16.3
15.2
35.9
36.0
12.9
33.7
25.7
13.4
9.2
13.8
11.4
12.7
8.5
13.1
15.2
14.7
21.2
24.9
14.9
21.9
14.8
22.2
23.4
17.6
20.8
12.4
29.6
12.2
16.2
19.7
10.4
24.6
10.5
14.1
14.2
9.7
20.3
12.1
10.2
16.1
12.2
25.1
11.3
19.9
14.9
13.7
13.7
14.2
15.3
14.5
21.1
29.6
17.0
15.2
27.0
15.4
8.5
37.9
16.0
20.0
12.8
29.5
12.0
12.7
21.4
14.2
17.9
16.4
17.0
20.1
13.7
25.3
17.1
24.5
14.0
18.5
31.4
13.3
19.9
14.7
12.5
15.3
27.8
16.1
19.5
23.9
21.7
15.4
16.8
22.1
14.4
17.8
16.1
11.4
10.9
20.1
11.2
17.7
19.5
18.2
17.2
13.8
12.9
12.5
24.5
14.4
20.4
13.9
13.0
16.6
14.4
15.3
19.0
17.9
21.5
13.8
11.1
29.6
13.9
16.1
13.9
17.0
35.9
15.3
28.0
17.6
11.6
19.7
23.0
14.1
13.3
17.4
18.8
16.0
29.7
21.6
25.2
18.0
27.1
17.8
20.9
50.0
31.8
23.2
18.1
18.0
14.5
20.7
31.0
16.1
14.7
20.5
15.6
30.5
24.8
17.3
17.0
19.7
18.6
27.7
24.4
16.9
13.1
21.2
9.7
39.9
29.0
16.5
20.7
15.5
22.5
24.0
20.1
39.4
16.8
22.5
20.4
35.9
14.6
21.9
12.6
22.3
18.4
17.1
35.8
30.5
18.3
14.2
15.1
40.4
48.5
18.5
13.5
17.0
20.7
18.7
32.5
28.5
35.0
14.9
24.8
14.0
7.8
19.3
11.8
15.5
13.5
21.9
13.2
11.8
25.7
24.2
19.6
19.4
28.1
21.0
18.8
15.1
20.5
11.5
23.8
45.5
26.8
26.6
14.0
15.5
23.9
22.5
14.6
14.3
16.7
14.5
14.0
16.5
19.1
21.2
15.4
17.9
25.6
19.2
25.3
17.4
22.0
43.7
30.0
44.7
26.4
43.5
12.2
24.0
15.0
19.3
17.5
11.2
37.6
21.3
16.9
39.4
14.3
12.4
12.6
13.0
14.7
17.0
8.2
24.5
17.2
15.5
21.3
22.7
31.2
22.1
11.4
22.7
12.5
19.3
18.7
14.5
9.1
28.7
18.2
13.6
8.7
18.9
21.7
18.6
23.0
36.1
12.4
21.3
19.2
12.9
12.2
28.5
16.7
18.6
15.9
17.9
40.2
26.9
22.3
9.1
16.9
16.5
16.6
18.7
41.6
21.9
13.8
27.7
26.1
16.4
20.1
14.8
16.7
22.2
22.4
18.4
15.9
17.0
20.2
18.2
18.3
22.6
35.1
32.0
25.2
20.4
17.4
15.4
15.8
21.3
27.7
29.1
39.4
19.4
22.1
18.4
19.6
19.6
16.8
21.7
29.2
24.1
27.8
17.9
18.5
16.5
16.4
11.8
19.7
27.4
30.9
12.4
21.2
19.4
32.2
21.8
26.4
14.7
23.5
12.3
10.3
9.3
20.8
18.5
9.5
13.0
15.4
15.8
18.9
15.5
13.3
12.9
9.5
18.0
11.9
17.4
35.9
14.2
13.3
14.2
18.1
21.5
11.1
18.4
16.5
14.6
10.5
15.5
10.0
16.0
27.2
9.0
9.8
11.2
12.7
11.4
13.1
16.0
12.0
9.7
12.4
9.9
13.6
9.0
34.3
7.0
10.4
12.0
11.7
15.5
25.2
14.3
11.6
8.4
24.6
15.4
13.1
17.4
8.2
10.5
23.5
14.6
7.4
14.2
12.6
13.7
13.0
11.1
22.9
12.6
17.3
17.1
28.3
10.3
13.5
15.0
29.0
11.1
11.7
20.5
23.7
15.1
12.9
12.9
8.2
10.4
12.1
29.3
7.9
20.1
11.0
52.8
26.0
10.9
14.2
15.0
21.7
20.0
24.7
14.1
18.6
11.1
21.9
16.3
24.1
8.2
21.7
26.3
26.8
32.1
15.4
19.0
27.5
38.8
36.1
17.8
10.8
16.0
11.6
21.9
15.7
15.7
14.7
15.4
15.2
21.5
13.0
12.8
18.0
15.1
18.6
18.2
12.4
17.4
15.0
49.3
18.9
16.9
33.3
18.9
10.8
19.5
15.1
16.1
13.6
11.1
13.8
16.5
10.4
28.6
9.4
15.6
16.2
40.5
12.4
13.5
9.2
16.7
6.8
16.0
13.5
24.2
20.7
20.7
24.3
10.7
15.0
16.8
15.2
17.1
21.8
41.4
20.3
11.7
6.5
11.9
28.5
9.5
29.2
18.8
14.2
14.5
13.5
19.6
19.9
11.1
24.6
13.2
14.1
17.8
21.8
18.6
15.6
28.4
17.8
20.6
12.2
36.7
19.6
14.4
15.9
14.8
17.4
24.1
15.7
14.8
12.1
10.1
16.6
13.5
13.0
10.7
17.9
11.2
35.3
17.8
10.9
11.1
16.7
8.9
11.2
17.6
39.7
10.6
23.1
28.2
17.6
20.5
14.6
23.6
12.5
16.5
14.0
19.8
5.1
16.3
15.7
14.8
8.8
12.4
21.5
14.3
25.4
7.9
27.9
17.7
15.0
21.7
6.8
12.5
12.2
10.9
26.5
14.5
12.2
20.0
18.8
24.4
14.4
21.9
8.3
16.6
30.7
13.2
13.1
18.1
24.3
16.5
7.5
12.5
20.0
15.3
31.3
13.0
15.1
11.8
25.0
16.2
12.7
11.3
15.6
23.6
11.0
30.2
10.6
19.5
14.5
10.5
11.2
33.2
15.8
36.5
14.9
13.8
13.4
12.4
12.0
14.7
13.1
21.9
14.4
25.4
13.7
20.0
24.5
29.0
8.6
15.6
22.3
20.2
17.9
16.3
29.5
24.4
17.4
15.5
19.8
13.8
21.6
44.9
9.9
11.8
13.3
11.5
14.5
15.3
13.5
16.3
17.9
19.0
12.5
23.5
17.2
14.6
18.4
20.1
16.5
8.8
38.0
18.0
9.6
16.1
17.0
15.0
16.7
8.5
9.4
17.0
21.2
36.9
12.6
18.8
34.1
16.0
12.5
20.1
25.2
26.4
14.6
25.3
19.0
33.4
17.0
17.0
31.0
18.4
20.8
16.4
48.7
20.4
16.2
36.5
33.4
26.4
25.2
22.7
35.6
32.3
26.6
47.4
14.7
23.7
30.3
36.4
29.9
21.3
28.0
38.1
33.5
34.0
17.2
52.2
16.4
14.0
17.4
15.0
71.7
19.9
20.2
25.0
14.7
24.9
12.2
8.3
11.9
17.1
16.8
12.8
13.9
15.6
36.3
31.3
14.6
22.6
14.0
10.5
12.8
14.7
58.6
33.2
16.0
28.8
19.1
27.5
16.6
22.0
38.0
10.9
24.1
7.2
15.2
35.5
39.7
11.2
20.9
25.5
45.8
14.1
31.1
19.2
28.3
11.7
57.9
18.8
11.9
21.8
27.2
13.7
27.4
42.4
26.7
23.2
20.2
22.1
12.0
22.2
11.4
10.7
13.7
27.6
21.9
17.9
38.1
16.2
32.4
12.3
33.1
23.2
23.4
10.5
10.9
19.8
15.0
13.6
28.2
36.2
16.7
10.3
12.9
20.5
22.3
14.9
13.1
15.0
42.0
61.4
25.0
19.6
14.9
49.9
29.3
20.5
8.3
17.2
16.0
51.9
74.4
20.6
35.1
14.5
22.5
35.1
10.2
41.7
31.2
28.7
26.0
16.7
23.9
25.3
20.5
14.9
37.2
19.5
32.1
34.8
23.6
30.8
28.0
26.2
32.9
19.1
49.8
28.6
14.0
17.8
28.9
23.9
24.2
26.0
17.2
15.4
17.3
16.1
15.0
22.7
14.6
14.1
31.7
36.5
46.6
29.5
33.6
19.5
14.0
20.3
17.3
16.5
17.8
17.8
24.0
45.1
23.6
20.8
28.9
28.4
18.6
32.3
14.3
26.0
31.9
48.9
15.5
11.5
19.8
8.5
11.2
17.0
25.8
10.2
8.1
12.4
11.6
16.6
10.9
17.1
8.2
15.7
9.5
19.8
15.8
27.6
25.0
15.6
8.2
9.2
5.8
20.3
14.2
10.0
17.7
13.2
10.7
38.1
13.7
15.8
14.1
29.1
13.0
10.5
16.4
12.6
24.0
17.0
19.1
10.6
10.3
12.7
15.5
15.4
9.4
15.4
11.5
8.6
10.2
10.9
18.4
8.7
12.1
21.7
16.2
28.5
26.8
17.2
16.7
27.6
18.6
11.6
21.3
15.4
46.6
15.8
29.0
21.7
24.7
31.0
14.5
20.0
12.2
19.1
20.6
16.6
21.7
20.8
14.8
23.0
12.4
23.2
13.5
29.9
16.5
13.2
14.5
18.7
22.2
13.6
12.9
15.8
28.1
17.4
14.9
23.6
26.4
44.9
17.1
25.7
19.3
27.5
15.3
23.0
15.0
19.4
14.3
33.0
21.0
22.0
15.3
22.4
13.6
17.5
19.5
24.1
26.2
20.3
27.6
40.2
16.6
14.3
25.5
18.8
48.0
21.2
18.8
17.7
18.8
20.9
21.2
20.5
17.9
26.6
25.1
21.0
22.3
18.5
27.8
23.2
27.4
23.3
18.1
48.7
18.9
23.6
17.2
