85.6
89.1
73.7
77.5
77.0
67.8
76.3
78.6
75.1
78.3
76.0
75.2
78.3
76.5
76.0
82.4
83.5
77.3
75.0
78.4
76.7
79.8
84.1
77.5
70.6
86.6
76.2
81.8
74.9
72.5
77.2
76.2
77.4
80.1
83.9
74.6
87.4
76.1
83.8
77.1
86.7
81.5
73.9
80.0
90.0
83.7
74.6
76.2
83.9
76.1
85.6
81.4
70.2
79.7
81.0
72.6
80.4
82.0
91.2
75.5
78.9
79.2
86.6
76.4
80.5
76.1
72.7
78.5
82.7
92.5
79.5
91.7
88.8
83.7
93.1
96.4
88.4
95.5
92.8
93.5
89.6
86.8
92.4
84.1
86.0
78.7
95.7
91.0
91.2
95.2
93.1
91.0
76.6
89.0
93.2
80.3
74.5
85.8
87.6
84.3
84.4
84.3
75.3
86.4
83.8
80.6
87.2
84.7
72.5
90.2
71.9
84.1
84.2
87.6
85.8
85.4
76.0
80.5
84.6
74.2
86.2
76.1
84.5
84.8
85.4
84.5
84.9
82.2
79.1
79.0
82.1
76.9
81.3
89.4
82.1
83.7
86.8
84.9
82.8
81.7
83.4
76.0
82.5
79.8
75.6
83.0
79.7
77.5
77.4
70.1
73.5
83.4
81.3
86.7
76.6
83.6
85.1
77.8
75.3
82.3
82.1
79.8
84.7
84.6
72.8
80.1
73.3
85.1
81.9
78.6
89.2
80.4
76.0
89.2
77.0
74.1
82.2
66.3
83.0
78.9
82.4
81.4
82.6
82.6
73.6
71.3
86.4
90.4
88.1
87.7
92.8
69.4
88.8
79.1
93.2
73.1
72.3
90.4
64.5
88.1
72.4
71.0
85.4
79.4
76.6
68.5
92.4
87.7
85.2
66.7
84.8
83.8
71.0
83.1
94.3
83.8
93.6
89.9
79.6
85.9
76.9
78.2
85.5
86.3
77.3
89.6
88.6
79.1
86.5
84.9
88.4
89.4
89.0
87.2
86.7
76.4
78.3
81.1
91.3
68.0
89.1
82.8
84.3
79.0
81.4
84.7
91.4
91.7
87.3
79.4
93.9
94.9
91.1
87.0
96.6
82.6
76.5
75.2
94.6
87.8
85.4
88.8
97.5
88.7
96.6
93.6
84.1
85.2
94.4
94.4
93.3
93.8
84.7
88.7
93.7
92.2
84.0
86.8
94.2
94.4
84.3
81.5
88.7
89.6
96.5
89.2
89.9
85.7
78.8
83.0
98.4
95.6
85.6
96.0
79.2
87.1
91.3
84.1
96.9
78.0
94.4
96.1
86.8
95.7
93.6
90.4
85.6
88.0
89.0
88.1
91.3
93.8
88.3
90.5
93.0
86.8
85.2
89.4
85.6
88.4
91.2
80.1
87.0
75.5
90.2
87.8
73.5
88.8
86.0
90.2
85.8
82.6
71.3
78.5
87.9
87.9
90.2
79.3
77.2
79.8
78.0
79.5
75.1
64.2
64.4
86.5
81.0
86.8
75.5
87.0
78.0
81.2
78.4
86.4
86.9
91.8
81.1
75.6
78.2
87.4
85.0
88.8
78.8
89.9
89.4
90.9
67.8
87.2
83.8
87.5
87.2
88.9
82.4
77.5
93.2
85.2
89.4
91.9
91.8
87.8
79.8
76.5
73.9
87.6
87.7
84.5
80.3
76.8
64.6
72.2
79.5
81.7
75.5
82.1
80.4
76.9
76.8
82.4
79.5
76.8
77.4
88.0
85.9
76.9
74.7
68.6
90.4
78.5
79.7
82.3
74.3
88.7
92.5
69.0
88.9
85.1
77.9
81.7
71.1
90.8
75.5
72.1
91.3
74.8
87.8
78.7
79.5
80.3
85.8
78.4
88.4
80.2
70.9
79.9
87.2
76.7
74.7
85.2
78.3
76.5
76.2
79.0
94.3
77.9
91.4
72.3
90.4
76.5
78.3
86.6
73.4
72.7
78.7
87.0
77.9
78.8
75.8
74.2
89.2
80.3
72.7
89.5
88.8
81.1
81.1
83.6
79.6
73.8
72.6
75.8
88.7
81.9
76.4
79.8
83.9
90.9
82.1
85.0
84.0
85.0
74.6
80.5
70.5
78.7
75.1
73.0
79.9
72.3
79.5
82.3
81.7
69.3
85.4
84.5
91.3
79.0
88.5
82.7
80.8
77.6
85.1
72.7
77.5
84.5
72.3
85.2
72.3
83.7
86.2
73.0
78.9
81.2
76.6
80.4
63.1
76.2
76.7
68.3
75.1
76.4
73.9
65.6
81.8
77.5
79.2
86.8
74.4
81.8
72.1
70.3
84.7
77.6
79.1
83.1
80.4
73.2
76.2
81.3
77.5
74.8
85.2
69.1
75.9
76.2
79.7
71.4
91.0
90.3
87.7
90.1
90.2
93.6
92.8
91.8
90.7
87.4
84.6
90.6
89.2
90.7
90.5
84.9
89.2
84.3
82.7
88.7
78.0
70.1
84.9
89.6
84.0
92.0
87.9
86.3
74.6
88.9
89.4
70.2
92.1
95.3
90.4
88.3
74.5
94.9
75.7
90.0
93.1
75.4
85.4
80.3
84.8
87.8
83.7
92.4
81.8
89.7
74.6
86.3
85.8
81.5
89.2
89.0
88.9
86.0
93.6
88.2
89.5
87.7
88.7
90.0
84.5
89.2
88.8
91.1
92.6
83.8
92.1
86.0
86.8
90.9
84.2
88.6
87.1
86.4
81.3
88.6
91.7
83.8
90.6
83.2
88.4
89.7
88.3
89.7
91.5
86.8
88.3
91.9
83.4
82.8
86.4
92.5
85.9
88.9
88.4
76.1
86.4
86.1
85.8
91.7
92.1
94.4
88.1
89.1
90.9
86.7
90.8
85.4
83.4
92.5
90.5
92.8
85.1
88.1
85.0
88.9
89.9
84.5
92.7
86.1
87.6
80.2
88.8
82.2
90.6
87.4
89.5
84.9
92.0
88.9
89.8
89.8
87.9
89.5
91.7
83.9
85.7
89.3
87.8
89.7
86.4
85.4
87.4
90.5
88.9
86.2
93.0
84.3
89.0
89.1
88.9
86.0
93.5
87.1
87.7
83.1
86.2
86.6
84.7
80.8
77.5
89.0
87.1
87.9
86.9
86.9
80.5
77.3
88.0
85.5
85.4
84.1
90.1
85.7
84.6
96.3
92.6
87.6
93.5
85.8
88.8
88.5
86.2
87.2
84.1
83.9
85.3
91.0
86.2
85.8
62.1
87.0
86.5
84.1
87.0
84.5
84.4
82.9
83.3
91.9
87.8
87.4
85.4
83.3
85.4
80.4
83.2
82.8
84.0
85.8
91.4
92.1
85.3
85.9
85.2
86.3
87.1
87.8
78.7
85.6
86.5
82.2
88.7
85.3
82.5
90.7
88.7
85.4
89.2
89.1
86.6
86.1
82.5
92.4
80.1
83.4
90.7
89.2
90.4
90.7
90.4
89.0
88.3
90.3
91.9
89.5
92.0
93.8
90.6
78.7
90.9
90.5
91.3
92.8
92.1
92.0
91.6
88.8
87.3
93.1
91.6
90.0
78.9
94.4
85.5
85.0
91.0
91.1
93.3
91.4
88.4
88.9
90.5
85.2
91.7
88.8
93.9
91.4
89.7
90.7
91.7
91.1
91.3
87.1
90.5
89.4
93.2
89.2
91.5
95.0
94.8
91.4
88.2
92.2
90.0
93.8
83.3
89.9
89.1
94.2
90.5
92.4
85.2
92.1
91.0
89.7
86.7
87.4
84.6
91.1
86.3
89.3
90.0
92.5
92.6
91.8
89.3
92.6
88.5
91.4
92.3
90.9
88.6
95.5
89.9
90.0
91.5
87.2
84.6
95.3
89.5
88.4
88.8
91.9
93.8
85.4
92.5
88.8
88.6
87.4
91.7
92.0
86.0
87.5
90.9
92.8
90.2
87.1
86.1
89.2
92.1
95.2
89.7
92.1
92.1
88.0
90.2
90.1
90.8
90.0
95.1
85.6
89.2
92.7
89.7
70.6
69.7
90.7
91.0
92.8
93.9
76.0
77.3
91.7
90.6
81.9
87.7
89.3
72.7
90.9
94.3
91.9
91.9
95.6
79.0
88.1
91.4
89.7
90.9
92.1
92.1
89.0
90.9
86.8
88.5
89.0
92.8
85.8
93.5
93.4
88.2
89.3
85.0
90.0
89.8
91.0
87.7
90.6
88.5
92.3
90.0
91.8
94.6
88.6
91.4
88.7
94.4
89.9
95.4
91.5
90.7
90.6
89.0
86.4
88.6
63.3
90.3
90.8
88.9
89.2
87.9
76.9
80.6
90.9
91.6
90.2
95.4
87.5
90.3
77.4
81.9
90.7
78.2
73.7
76.4
87.2
84.4
79.2
73.9
68.3
91.9
81.6
87.6
84.7
80.9
63.8
76.6
85.0
75.5
84.0
86.1
88.5
82.9
74.8
75.5
69.7
85.2
82.5
63.6
67.7
79.0
73.0
88.0
78.9
70.0
72.7
88.6
76.0
73.6
86.1
76.5
75.2
80.5
82.4
80.8
76.0
76.3
82.9
86.8
88.1
71.0
80.0
71.2
85.0
79.5
79.0
82.6
69.3
88.1
84.6
74.2
88.8
70.4
67.2
80.2
74.9
72.9
70.5
63.1
74.8
73.9
76.8
82.3
76.3
83.5
86.9
69.8
80.0
85.2
65.6
81.8
85.1
71.5
80.2
86.3
72.3
83.9
69.4
73.2
78.7
70.7
77.9
86.8
79.5
77.3
91.7
84.1
61.4
83.8
69.0
71.9
71.0
79.9
72.7
75.3
77.1
73.8
88.0
85.0
82.9
88.2
79.6
76.1
82.2
84.5
82.5
86.6
80.6
69.8
77.4
73.4
66.3
88.4
72.1
76.6
89.0
71.3
70.2
84.6
79.9
87.7
85.8
84.5
74.7
84.0
69.3
75.1
74.2
77.7
88.5
65.8
80.5
67.8
70.6
78.8
76.6
76.6
82.7
83.8
78.2
85.5
73.8
80.1
85.1
84.5
74.5
76.9
81.5
84.5
84.7
80.7
81.0
82.4
76.3
76.2
79.9
81.2
85.9
80.6
83.4
80.4
76.4
77.1
73.2
88.4
80.1
74.3
75.1
82.0
75.4
86.4
77.1
78.0
83.2
71.4
72.8
74.4
87.9
85.1
93.7
91.5
92.5
91.4
92.8
93.0
89.7
90.7
87.8
93.4
87.3
91.2
87.2
91.9
87.3
90.7
89.9
92.9
82.7
91.5
87.5
91.2
83.2
91.8
86.8
92.4
94.9
86.7
91.2
85.5
91.7
90.3
79.6
89.0
85.8
85.5
89.3
80.2
94.5
90.6
81.9
93.4
89.0
92.0
83.7
93.3
92.1
94.0
93.7
92.1
83.9
89.4
86.9
89.4
90.0
88.0
90.7
84.3
82.0
91.1
89.0
90.3
87.4
86.4
88.8
87.2
91.6
87.8
89.8
83.9
92.9
85.4
91.4
93.8
93.4
93.8
88.7
83.9
91.7
93.3
87.7
87.0
91.0
86.9
91.1
87.9
87.4
89.2
90.1
89.1
92.6
85.9
89.4
92.8
80.3
90.2
94.2
89.1
94.4
85.8
88.3
88.2
88.8
93.5
89.5
89.8
90.2
92.2
86.0
89.3
87.4
84.9
88.0
85.9
92.7
84.1
85.1
88.6
86.9
82.6
91.0
90.9
86.8
85.1
87.0
89.0
84.4
86.8
89.9
90.6
86.8
85.3
94.0
84.1
88.0
90.0
93.3
90.4
90.1
91.2
90.6
93.8
90.5
92.2
95.5
90.8
87.7
93.4
93.7
85.4
94.8
88.4
92.0
94.7
92.2
92.6
89.8
89.3
88.0
91.6
90.3
92.3
91.9
92.2
91.6
92.8
91.5
86.5
88.6
88.8
89.3
91.3
93.9
89.7
90.2
91.3
91.7
90.8
85.0
87.9
88.4
90.6
88.7
88.6
87.2
90.1
93.4
78.7
88.6
94.3
90.0
89.8
88.5
85.3
89.1
92.1
89.9
87.6
88.6
89.2
90.5
90.1
90.8
92.9
94.6
93.2
88.4
91.0
92.4
91.6
88.4
86.2
89.5
92.7
88.4
91.6
95.9
84.5
90.1
89.9
93.5
90.0
78.8
78.5
74.7
73.2
73.0
73.8
68.2
78.2
72.0
78.3
80.9
77.0
79.1
76.6
79.6
76.5
88.6
83.8
81.1
83.8
75.7
78.4
85.4
85.6
85.1
71.4
64.1
56.4
76.7
86.3
76.6
79.7
78.0
78.7
75.9
86.3
90.3
84.1
82.3
74.9
82.9
73.2
82.8
82.0
89.2
74.3
73.9
76.7
72.7
77.2
83.3
65.5
86.4
75.8
83.2
80.0
78.2
76.4
72.7
68.0
88.9
72.3
77.3
78.3
80.8
84.5
70.2
65.7
79.9
75.8
76.8
76.8
76.1
74.8
83.4
75.5
72.7
81.3
71.9
79.5
77.5
74.1
86.7
90.3
89.3
84.3
82.2
85.8
83.9
82.9
79.7
93.0
86.1
78.2
86.9
86.0
89.4
87.7
83.9
74.7
92.0
84.1
83.2
91.6
85.2
91.8
90.4
90.4
85.9
78.1
85.3
76.9
84.2
83.0
76.8
81.7
72.3
85.4
84.2
85.7
90.1
85.4
82.7
85.8
82.4
89.7
85.6
82.6
77.3
88.3
84.3
87.4
91.6
85.0
81.7
86.9
84.5
87.4
85.2
87.5
87.0
78.5
85.8
75.0
82.7
84.1
87.7
84.8
71.6
82.3
87.6
80.8
79.2
76.9
85.4
91.1
79.8
88.6
82.8
72.5
82.8
81.8
86.8
78.9
94.2
83.7
90.1
84.7
89.6
84.6
88.3
77.1
75.2
93.6
81.3
82.1
79.5
92.1
82.8
85.9
78.7
80.3
81.0
89.5
79.8
84.9
82.1
84.7
82.9
84.9
84.3
71.6
77.1
84.7
92.9
76.5
82.9
93.1
84.5
87.4
89.4
92.8
92.8
90.8
91.1
90.9
94.4
89.3
89.1
92.7
92.3
93.8
96.1
91.7
83.5
88.6
88.2
91.6
94.3
93.4
90.2
94.7
75.5
86.8
94.4
94.8
89.8
89.2
94.5
89.3
93.2
96.0
91.8
87.0
93.1
90.3
86.8
92.1
90.2
83.9
89.1
87.2
90.7
90.9
92.5
91.7
90.4
88.1
86.4
91.0
80.4
84.0
92.3
90.7
90.8
94.5
91.3
99.0
93.1
90.4
91.6
91.2
92.3
91.9
91.0
94.0
92.7
90.8
92.5
93.3
87.3
70.4
88.7
92.6
72.8
93.5
75.8
92.6
86.1
86.0
89.5
93.7
92.5
91.2
94.7
88.9
90.2
93.4
94.0
94.3
93.6
92.8
81.9
93.4
92.1
88.4
92.9
90.1
95.1
92.4
89.1
87.9
91.4
92.0
92.0
84.8
89.0
93.8
91.5
93.1
93.0
94.4
87.2
90.7
87.2
88.6
92.2
93.0
91.9
87.1
91.0
94.2
93.1
88.6
93.6
93.7
92.4
91.9
83.4
94.9
93.3
87.1
91.9
89.8
90.1
91.2
91.8
91.4
94.5
86.3
93.9
95.0
94.0
91.1
95.2
94.2
89.2
83.9
92.7
83.2
83.3
89.2
82.9
81.1
82.7
84.3
88.1
83.3
78.9
93.9
86.9
86.0
86.4
90.6
91.9
91.4
85.5
91.6
90.8
92.1
94.5
91.6
90.1
84.4
91.3
91.9
87.1
89.1
77.0
83.5
90.9
81.9
94.2
87.3
88.8
92.2
93.5
89.8
81.9
86.0
93.2
93.4
85.3
89.7
87.4
88.1
77.7
79.9
86.6
81.5
80.7
77.5
80.9
83.7
79.4
89.8
78.0
71.3
86.0
97.0
68.5
73.0
84.1
83.7
81.5
79.2
80.4
90.8
81.6
83.9
87.0
84.0
78.7
87.5
80.7
77.3
80.7
92.1
88.3
69.9
89.6
87.5
86.3
87.4
88.8
86.7
84.6
87.2
90.1
86.7
89.6
89.8
87.5
83.6
85.4
90.3
86.4
89.9
88.7
88.1
78.5
87.6
89.2
90.3
89.6
83.3
90.2
86.0
89.9
86.6
89.9
91.8
87.7
85.5
86.4
89.6
92.2
80.1
90.3
88.0
87.5
87.1
93.4
90.4
87.5
89.1
84.8
88.2
89.9
84.5
90.9
93.1
88.7
90.8
87.6
88.7
87.6
86.3
85.6
83.0
79.3
79.4
76.3
81.4
81.5
81.7
72.6
74.7
86.3
89.0
76.7
86.4
75.7
86.3
88.3
73.2
82.3
85.8
81.9
79.7
86.9
82.0
79.2
87.2
89.2
85.0
91.5
80.4
85.4
71.4
86.9
79.5
87.0
81.2
81.0
83.3
78.6
81.1
76.0
87.9
75.8
84.4
86.1
87.5
77.5
84.0
78.8
85.9
85.0
83.2
83.8
80.2
79.0
83.6
80.8
85.7
80.8
81.5
88.8
81.3
71.8
89.7
83.1
90.6
72.9
90.2
91.0
85.7
83.7
86.7
83.7
83.0
85.8
87.0
78.0
80.1
71.5
79.0
81.0
81.6
75.0
77.6
80.6
81.1
75.3
82.1
88.4
71.5
87.8
75.6
91.6
76.5
79.0
89.0
81.7
74.2
78.5
78.8
83.2
93.0
89.9
83.0
88.9
88.1
89.1
87.4
93.4
94.6
87.8
86.8
90.6
90.1
88.1
81.6
86.4
91.2
92.5
86.5
83.4
87.2
84.0
87.3
76.9
88.4
75.4
89.9
90.5
88.8
90.2
90.2
89.3
87.5
89.0
82.3
88.2
87.9
93.3
89.8
81.8
88.5
84.6
83.3
85.7
89.3
92.0
87.3
93.2
90.5
83.0
92.9
85.7
89.5
76.7
88.4
87.1
85.1
89.4
91.4
87.7
81.5
88.9
85.1
87.4
86.1
88.3
87.7
86.5
84.9
86.8
87.5
87.0
88.4
96.0
89.3
91.5
83.4
89.7
88.6
81.3
90.9
92.4
84.9
88.6
91.7
86.8
85.7
90.4
82.2
86.7
55.2
87.7
81.4
89.0
88.1
91.2
85.0
89.2
86.1
88.8
87.8
85.7
88.6
85.5
93.2
83.4
90.7
88.4
86.4
88.2
85.6
87.8
87.1
80.1
91.5
88.6
84.2
84.9
77.6
91.0
87.8
91.9
86.2
84.1
88.6
81.3
89.4
88.2
89.1
90.3
87.7
86.7
92.2
90.8
80.4
92.0
88.8
85.9
89.3
93.1
89.6
77.4
86.1
83.1
83.8
82.0
82.7
83.0
83.2
91.5
85.7
85.1
80.5
81.7
90.9
80.7
89.0
85.8
83.0
84.8
85.0
84.7
87.5
88.3
85.7
83.3
85.1
90.1
79.6
75.3
85.4
78.0
77.3
84.2
81.5
80.8
86.4
86.2
86.0
84.0
80.5
85.2
89.4
83.4
87.1
80.8
81.4
87.4
79.3
84.3
82.8
84.9
87.3
84.2
80.1
85.8
85.4
87.6
83.6
87.4
90.0
83.3
86.7
86.1
80.8
91.3
90.4
82.3
81.3
85.5
71.0
77.3
88.5
88.8
89.4
85.0
88.8
85.3
89.4
94.6
92.4
91.5
89.6
88.0
84.9
91.3
93.1
87.7
91.0
89.5
87.9
84.1
89.1
84.7
88.4
87.7
83.7
91.1
89.9
89.1
80.4
83.2
75.5
89.7
89.8
92.4
88.1
81.9
90.6
93.5
85.1
90.8
88.6
88.0
86.0
92.9
88.9
91.0
85.2
84.3
90.9
87.3
93.3
92.7
88.8
86.4
87.4
92.7
92.8
87.9
87.0
86.2
88.0
86.8
91.1
89.0
91.8
90.5
89.9
85.4
81.6
85.3
84.9
85.1
87.7
87.8
87.6
82.9
88.9
83.9
88.3
85.5
86.8
88.3
87.6
89.3
88.6
81.5
89.6
93.5
89.5
88.7
85.3
86.7
81.2
91.3
88.4
86.4
82.6
85.6
87.3
89.0
88.4
84.8
88.8
89.6
90.4
87.7
92.1
89.2
88.1
89.8
90.4
92.7
80.7
92.7
76.8
84.8
71.9
81.7
75.5
79.7
91.3
86.7
82.8
88.3
75.0
78.0
74.9
77.7
78.8
79.2
70.6
89.4
81.3
81.4
82.6
84.5
85.7
80.4
75.8
87.7
78.8
84.9
82.3
78.2
72.8
88.4
78.8
81.8
69.9
76.9
83.1
79.3
82.2
89.7
76.8
82.2
82.3
78.1
77.6
87.5
88.8
83.4
76.8
88.6
93.6
92.1
87.2
78.2
87.1
84.8
86.1
88.0
94.6
90.7
83.0
93.6
90.1
87.3
87.8
82.0
80.7
87.7
90.9
90.3
87.8
86.5
93.6
89.2
88.1
90.0
91.9
92.3
83.9
89.7
90.2
84.8
92.3
91.6
93.3
93.3
95.6
88.5
92.5
76.9
89.6
93.2
86.0
91.4
90.7
90.5
91.6
86.2
88.3
87.7
88.2
78.8
87.8
89.9
90.8
77.6
86.2
90.2
92.7
87.9
91.0
82.5
83.8
77.5
78.5
75.6
86.7
82.4
70.4
76.4
78.6
79.8
83.2
81.2
74.5
72.3
76.7
82.4
76.1
80.9
86.4
78.8
75.6
84.2
83.6
85.7
72.4
80.0
82.7
80.4
74.3
80.0
70.5
80.4
86.3
72.6
74.9
76.4
81.1
75.9
80.9
82.3
75.5
80.4
84.2
74.7
80.4
72.7
90.2
70.6
74.5
79.0
77.7
80.4
84.7
80.2
77.9
76.3
85.9
76.1
80.5
85.6
74.1
77.7
90.9
83.1
79.6
79.6
75.6
78.5
78.9
77.4
83.0
76.9
83.7
85.2
89.7
75.0
80.5
82.3
86.0
78.9
84.4
84.1
87.1
85.1
78.5
76.1
73.1
79.5
76.5
86.5
75.7
83.8
78.1
94.6
88.7
79.0
73.6
78.2
86.0
86.5
88.8
73.6
85.1
65.4
86.6
80.4
83.7
70.8
89.5
82.6
87.0
92.1
82.0
86.8
85.3
85.0
84.8
75.8
63.2
85.1
77.7
84.2
79.0
77.5
86.1
63.7
76.2
87.6
84.3
68.2
85.0
76.7
88.4
88.5
66.1
85.5
82.3
93.4
79.0
82.2
89.4
76.0
71.2
83.8
87.5
76.2
68.9
64.3
69.5
70.2
72.3
77.4
68.5
69.5
85.4
91.8
76.8
77.4
61.6
85.9
66.0
82.0
72.9
68.9
83.6
74.0
82.0
74.4
82.4
80.2
80.8
74.6
78.0
88.5
83.5
78.8
63.9
59.3
87.1
62.3
86.5
77.9
85.7
69.3
80.2
86.3
82.5
78.5
86.0
70.2
71.8
81.7
76.4
80.2
86.3
78.7
84.6
80.9
74.3
89.3
79.3
80.7
61.8
78.7
77.3
87.1
80.2
80.6
74.1
54.0
81.8
83.4
82.5
81.6
80.6
83.3
81.1
82.4
66.1
70.5
83.1
72.4
70.8
82.5
90.0
65.3
83.4
87.4
79.1
81.7
68.9
74.1
78.6
83.1
70.2
86.0
52.9
79.2
81.6
82.9
75.1
79.3
81.6
79.6
86.7
89.5
84.4
76.1
77.1
82.3
67.0
78.8
81.0
70.1
82.0
78.1
56.6
80.5
75.3
81.8
81.2
81.5
75.3
82.0
86.3
67.5
82.0
86.8
80.5
78.6
85.1
78.7
79.8
69.5
87.3
86.2
79.4
83.5
88.1
62.5
68.7
76.9
75.7
54.7
82.2
91.1
61.2
76.6
76.7
63.2
78.6
92.6
76.3
91.2
77.6
79.8
80.3
77.2
78.9
77.0
81.0
76.3
76.1
87.1
77.5
77.0
85.2
84.4
45.0
80.6
76.9
74.6
76.9
78.3
84.5
85.4
74.5
69.1
80.1
72.1
82.6
87.0
81.3
82.8
82.5
73.9
69.1
67.0
81.2
81.8
81.7
80.9
71.9
80.9
64.2
74.7
80.5
85.2
79.0
62.2
92.0
84.6
70.1
83.8
83.4
70.3
78.6
54.8
60.3
90.9
91.7
92.5
86.0
86.0
95.4
86.4
89.8
92.0
91.0
90.6
89.9
94.4
86.4
97.6
88.7
95.3
89.0
82.8
88.4
89.9
93.1
92.0
86.2
93.6
89.6
91.7
95.7
88.8
90.7
90.1
89.8
93.9
83.3
88.8
91.6
92.6
91.3
86.2
89.4
93.5
90.8
92.7
78.0
91.4
82.7
78.9
79.1
82.2
93.3
84.2
90.0
87.6
83.4
90.2
71.3
68.2
70.9
83.8
80.9
76.2
75.9
74.8
90.1
89.0
89.7
84.3
76.9
72.4
80.2
76.7
91.8
91.4
81.4
85.5
82.7
86.0
80.5
89.3
87.4
75.3
83.1
72.7
78.9
92.1
90.1
77.0
78.9
86.1
93.5
81.5
91.1
89.4
87.9
74.2
93.8
82.5
69.0
79.8
88.8
76.9
89.0
89.6
80.8
88.8
78.1
85.6
73.8
85.0
75.6
75.3
79.1
85.9
79.5
86.0
89.1
81.8
83.0
73.8
90.9
84.4
80.7
74.7
74.9
84.6
79.9
78.0
89.1
92.6
77.8
70.0
77.0
84.0
83.2
79.1
72.9
81.7
94.9
91.2
86.3
81.6
77.0
88.2
90.2
88.7
78.8
77.9
71.4
92.0
97.3
79.4
90.3
75.8
89.3
81.5
76.8
78.3
86.0
82.6
82.9
77.7
89.2
86.0
81.4
73.7
92.7
82.4
86.7
81.5
81.8
88.9
84.6
87.2
93.6
83.6
91.7
83.8
65.7
89.6
88.5
83.2
91.3
91.3
86.1
87.4
80.4
87.0
71.0
96.6
76.2
85.4
94.6
94.6
92.1
93.6
91.1
87.0
85.9
93.5
88.5
81.7
87.6
90.3
90.5
94.5
88.2
89.6
91.1
92.6
90.6
92.9
93.1
88.0
90.9
96.2
71.0
78.3
86.0
75.5
77.8
89.5
86.3
76.6
72.7
80.6
78.9
76.7
80.3
82.9
78.2
87.9
79.3
86.9
84.6
87.7
87.9
84.7
73.9
76.4
63.1
87.6
88.1
81.7
80.9
86.9
72.6
90.7
80.3
81.6
82.4
91.2
79.9
89.2
82.1
82.9
89.3
81.3
82.8
78.6
75.4
78.6
85.6
83.8
84.8
82.8
77.7
70.6
81.5
85.6
88.8
73.5
85.3
90.5
88.3
93.2
90.4
89.6
89.2
92.1
90.8
81.9
91.6
90.2
94.7
87.2
94.1
92.7
91.9
93.2
89.6
90.3
85.8
89.8
91.4
87.3
92.3
91.5
86.8
91.3
85.0
88.8
90.7
93.8
89.8
88.1
88.4
90.2
90.0
89.4
87.0
90.4
85.9
88.2
89.3
92.5
93.1
96.1
90.0
93.5
91.7
92.1
89.5
87.8
88.9
87.7
86.6
94.9
89.4
89.7
89.5
90.6
86.4
87.6
86.9
91.8
90.1
90.8
92.5
95.6
89.9
87.0
91.0
90.8
95.3
89.1
91.5
89.6
92.1
93.1
91.3
89.3
85.9
95.0
93.3
93.0
91.8
90.9
93.3
92.6
94.1
95.6
91.0
96.8
89.2
90.5
90.2
