53682
50221
32911
36447
44145
32033
29918
39962
32402
34907
41250
33941
29357
34002
38019
43768
39077
24658
37277
35869
36275
38847
44889
26519
37851
54766
30687
38013
33838
36415
35625
24226
30051
41650
40948
37634
45429
36028
42844
38551
43542
48619
26230
30724
58434
35079
32888
39526
43028
29203
44790
44800
28209
28741
33090
35213
36143
50786
68770
22186
35439
39130
45408
37566
42156
23642
32900
61250
81853
77454
51689
79531
72500
54150
69223
52866
49545
81490
61793
62519
68718
51786
71037
49974
80761
61607
63934
46071
69405
71667
56801
74878
40176
45841
72500
34710
31476
45755
49555
39954
44943
47992
35776
53596
39200
36927
45841
50027
37745
42987
41595
39633
35683
35343
54515
38506
30409
30980
36584
26201
32721
31502
40246
39420
35128
35225
41393
39479
37751
38085
28931
28680
31171
50314
36766
35522
39162
49004
38413
32056
41193
35879
35026
30661
30284
37140
31003
29732
32239
25034
32697
39673
34996
52582
35771
34494
41319
36428
27263
31345
33694
30038
32015
42455
26737
32206
32089
32835
40453
34855
46013
34418
30873
55348
37448
30779
40471
35153
30861
29832
37435
32517
41248
42487
28259
35535
72112
58636
53684
43752
55295
52158
78756
37909
69297
45563
43023
41426
41807
44796
48552
48133
36548
53107
55909
45625
90839
49820
43469
42591
36212
61757
59168
70443
57353
75422
72725
45794
56529
55064
66237
54090
62962
75604
53380
58697
88202
62779
91702
66519
44651
39009
37709
67177
63356
49297
50408
41924
36890
42708
48426
76544
55918
44902
56270
34520
60651
48933
38829
37340
67956
77998
46504
51641
67259
34526
29145
31477
32427
42078
50313
37750
101591
74456
82118
57125
39943
57022
63885
64664
52332
56667
33298
43606
68984
40813
44157
44610
58080
58626
42261
41910
40415
49471
47083
53231
43188
45718
43774
33848
64601
61570
43011
72745
34391
41777
60128
38993
62002
34600
39583
63594
40221
63697
59040
44683
57180
44308
82283
64967
71338
76994
61996
66583
80529
59333
55149
64537
52710
65830
42149
49236
47461
40259
48039
51251
32780
44378
39100
59482
55843
38070
34963
33981
48323
43918
47233
38328
35380
38406
34694
40455
37716
37125
35425
41024
35560
49596
35511
44772
36809
44170
39722
45035
47439
46369
34348
39681
33833
47876
39453
49846
43100
53607
55315
54684
34570
47581
43891
52432
43888
45535
43113
32497
64876
43413
57703
49052
58175
48493
35698
36356
42660
42457
52691
43640
38501
36786
30049
33757
27353
32751
41141
53274
47197
28547
32258
37550
36073
36070
34419
64707
35840
31494
49754
26986
51990
35070
46147
47087
40111
45794
48758
33228
67261
33060
21192
40606
30345
63920
35693
32484
69306
34985
60813
41586
35240
43205
53525
30619
50856
37292
29012
31671
52691
28853
31375
63030
35817
32046
36788
34239
79977
40821
86569
34830
56857
39140
37760
46407
40926
30571
42565
60445
39306
50853
25000
39993
69223
35615
39909
60781
54893
40771
53179
42192
36296
26968
26104
36722
51497
41016
39452
34793
60104
43832
35625
42651
37365
43775
37487
39068
30240
42549
33301
37333
32260
32054
48630
32702
47729
34888
41339
50580
75004
45729
61837
39844
51383
39067
53865
39208
41550
44764
31068
35423
30023
37749
52579
38425
34848
30521
41534
37898
23451
33796
32424
25465
37587
27455
26634
32628
34035
34591
31189
36570
37894
41161
28326
31234
40009
35329
39963
52369
34572
27796
33652
35830
35718
24382
40670
40471
32928
28983
36173
35792
51250
72764
59375
62052
63512
55210
35434
43534
44964
39049
47941
64042
41056
41414
50872
37003
41131
41154
42105
53586
42039
33200
40134
39541
42842
44962
44520
44432
37050
37349
52023
40126
49002
41735
34122
36000
42433
32059
43266
46503
40842
32175
43649
44212
38440
53931
43886
50473
37453
45073
26972
48163
60893
42194
48977
50436
47985
45734
45808
45145
47405
40640
61720
37040
54548
46216
43958
53375
51051
52741
78487
42133
39075
52108
44722
48866
36273
45130
40330
43502
64541
38417
43925
37071
49389
52940
47079
33479
52233
42981
53954
50817
40760
69530
50102
81765
40667
77469
52640
40145
50060
54614
47133
36031
76145
62089
46559
49590
53633
41010
51504
42260
43615
58190
53136
68482
41952
46809
46622
54541
50712
42078
63027
39845
38371
33717
54196
47427
44070
48702
50578
37800
55449
48138
49669
47188
54203
43472
56067
41848
41400
47365
43536
52832
43605
42914
47667
76147
43125
47072
66639
46695
49370
54165
48711
39225
67255
51568
50542
41940
50496
46430
48953
39700
47165
56946
48047
47247
37474
54780
45693
37391
53961
45884
49516
40168
49329
39747
43980
82468
62981
50510
68297
40679
43590
46148
46501
57500
40235
43795
44128
61231
42119
50859
47617
49035
47538
42627
43120
42334
45709
44740
42023
40052
46797
55354
50262
47117
50377
38826
43950
43870
47596
40680
62794
58750
44764
50821
40904
47537
47401
44582
42898
51440
52991
40126
48080
43510
44143
44246
52686
44161
43540
42524
40692
45286
52317
62351
41986
38350
48136
51444
51914
47892
45871
48831
39208
48313
56669
45747
51826
61216
55553
46951
52026
44484
48361
43481
58088
44795
48977
43971
43216
49035
47494
49559
46548
73847
45040
36326
54076
42451
56136
51475
48601
45542
43826
48355
50520
45865
56827
50609
43589
50105
49342
54583
46376
46429
47897
43449
58008
46467
50513
48814
53424
55041
42167
51812
42469
57260
50583
43288
52152
57581
47967
54723
51555
63076
51078
42025
45997
44281
51425
48185
48659
43010
44663
58888
44073
59018
51304
50349
44551
48093
52735
48783
57227
50516
51670
43804
44838
43181
41425
62535
54554
40024
41624
45603
53122
45856
50476
45205
40554
41713
45212
45920
44981
39591
39968
56454
36815
39529
39746
37875
41129
45233
38534
51793
39375
41878
37378
39333
48890
46512
49508
46551
34089
43085
45865
47945
51178
49543
46908
44866
47500
53213
57808
52847
38346
43357
38313
50287
52415
52375
54546
56875
39884
74717
52264
47466
44650
40916
53021
63435
40811
45519
41765
38981
54167
45830
44032
51000
58936
46667
39669
47445
46607
47122
42071
48800
46029
50205
37925
58396
44078
43059
56854
46035
43482
43798
39572
45336
43962
42449
42610
37111
47215
50605
49865
50185
48451
48674
38634
45556
43292
46382
54494
47894
48187
45714
54694
47454
42515
53018
38917
33839
39402
32524
40008
52646
44588
38873
30797
26228
67225
40933
40379
41473
39196
24045
38907
54836
35430
37127
39677
54306
39049
40160
36406
29934
38904
45853
21883
27100
34261
31593
46555
37646
24246
29184
48398
32495
30476
46071
33582
43793
44652
46159
38394
32399
34406
44060
51189
48687
25906
36048
33408
41940
46016
34029
40891
26156
46959
49024
34090
54270
33889
24038
39753
36570
33525
22920
29293
31200
28388
33651
40313
36590
40112
44898
20972
38833
42312
26877
38719
43907
26261
41137
46756
29108
45396
31750
29808
37312
30658
38105
43833
43081
40830
83391
41009
19986
45480
33528
32961
26839
34092
31786
30674
35236
29721
61893
57298
39546
65209
36384
41541
45629
49718
39125
44135
40845
29497
41415
29769
22574
57580
37587
38429
69070
46116
33942
46385
31543
53248
41053
43499
39385
64574
36165
32996
29022
39162
48506
25321
47225
31832
31214
39654
44262
45368
37388
48261
41622
51462
50572
42528
35769
56811
25498
28585
33953
37146
38955
55138
45363
40930
39346
36835
35159
41353
58758
33143
55443
50635
35503
42186
41571
60799
40654
27543
49960
35828
44665
46572
31778
35071
50926
33848
61616
34322
44921
37855
57461
41626
47460
46808
49755
50181
40674
43734
36646
56733
38642
42221
37236
57348
39293
87430
66486
95477
58632
84790
66689
93160
46361
84570
45206
80622
109865
56259
98221
73623
87256
85672
38447
61597
55609
51092
57952
41385
60526
48450
55298
66288
67311
53663
49094
61227
82090
85478
84916
75092
53540
65223
37189
37586
52061
38016
45362
38874
41189
52186
45376
47366
43633
41856
42110
44346
45949
38410
41637
32668
60466
40295
42676
44136
54115
50929
42089
37626
34252
51766
40359
41759
35430
40204
45321
47892
36236
34685
36372
46615
45775
40140
51667
39038
29379
52939
55018
47766
72359
39469
38704
53451
41551
45622
41136
39470
41739
53076
41061
53972
40451
35261
40979
42571
65594
40023
34619
34620
37788
33239
47584
56453
39652
33334
42331
48066
44051
40478
35260
46217
43039
45129
59055
41184
40965
41617
70380
50214
43231
52200
46313
49935
48256
53016
83773
45045
49434
67157
52410
43269
52215
45294
47058
73732
69301
50905
44264
50657
44683
56836
50030
64403
52545
45961
57353
46912
51681
47068
50149
48875
41108
48468
46939
44069
58922
47861
49594
55170
40282
52198
48530
53904
47862
47649
46004
52160
60115
48208
45389
66252
48961
45633
43928
46019
50695
52350
54247
47569
47447
50802
59915
46623
50759
46517
86112
73098
54017
54551
56480
54206
48026
45000
45714
53057
36928
53657
81540
49698
50507
47468
71598
52510
27381
33600
30750
31641
31060
28599
30000
31039
31061
29876
23689
31362
30764
26407
35421
33381
58505
36726
32372
43958
36888
34129
44522
43124
37626
22325
23600
24767
36073
48943
31170
26028
27186
38074
29003
43328
51154
36203
38393
32521
42074
24480
36498
37868
59904
29400
36022
36308
30466
37050
39190
24338
30987
35715
42510
36124
34841
39899
32503
22863
57380
34534
35125
38362
34753
42963
26619
29853
41494
34636
32592
31446
38373
31090
41025
28093
29925
33524
33618
30821
32930
26336
34733
54336
44426
43013
38710
40580
38579
32951
37716
48627
44363
34969
41169
47964
43458
46516
46002
30962
60350
30302
39385
52838
40204
60936
53826
53931
45992
35897
35483
40120
42393
44092
36311
32130
31304
48857
41392
39192
40337
37964
37739
39839
29325
42979
42747
32533
36387
47015
40399
54845
47223
34481
39013
50527
39334
42071
52835
38250
40116
37997
38443
35870
42566
42046
40272
35507
29787
47118
40657
40236
34797
35793
42268
36641
27743
51408
32078
28889
47876
38580
41964
39850
67721
39512
49820
36713
47969
37203
52698
34496
32291
71077
31539
48433
37238
58910
39519
34688
39028
40651
31132
35938
37965
40850
36676
38461
36082
38679
50830
34702
33159
44596
39348
28645
34582
41614
39966
37151
45932
47831
39659
44963
40070
43524
46100
50405
38958
51164
38344
46581
52833
45096
33519
39313
45236
43726
60863
41932
38019
56243
44493
33333
46667
47762
38182
33033
46117
43409
42426
41705
42632
41277
46250
40802
38036
38688
58112
36920
48789
32881
48667
38659
57906
45938
43327
46972
37105
47181
31867
41875
51342
49440
43518
40568
36875
42917
45246
46373
41279
33647
50963
46817
50247
64697
48038
45610
45464
51529
46784
51765
47500
44873
47069
40359
46078
44922
47325
48626
53325
47431
48464
43011
50227
39603
47654
39400
41892
45893
44167
44950
48712
56065
45920
49125
39702
44427
39327
49088
44843
42364
56466
41970
36923
42180
42230
51574
48158
44417
38125
54926
46566
50859
43886
44286
42672
37594
50881
37321
58625
50000
51924
51213
52848
42345
38582
43500
44109
69965
59870
43444
59435
38548
41835
42014
51493
44422
55089
41400
40445
65409
52147
41045
38807
49633
49830
52873
60100
70238
30284
64632
59472
72742
40143
46137
35017
39876
52101
61573
53040
48586
51957
58654
50866
55155
41985
54912
69829
65353
77348
58825
54463
54235
83794
78446
61683
56494
50750
55095
74524
58442
106143
73480
79596
84526
98633
61136
57654
59718
99020
87335
68507
70912
48801
39826
39131
37237
37734
39871
37660
37933
49165
37899
29071
34063
34080
50694
43014
106686
29282
30458
28481
39263
30802
40250
38764
58017
48196
28275
52917
27430
34036
32637
31161
38902
42506
59394
42445
34388
45958
42603
51581
42429
48804
43941
50282
57336
47151
44470
72525
50653
47380
45667
44276
49922
49655
51522
45047
46484
46085
46840
53518
53589
52394
44156
97690
69659
47955
48729
54242
56479
70458
48502
48051
47765
95117
57001
59432
72569
84951
43647
69826
56061
53245
46976
47618
47476
87763
48089
55726
51393
58590
55904
52361
52601
81946
51100
49335
43043
40637
35170
33870
35951
36969
40429
30768
30164
46438
44713
37263
53551
34357
56607
46534
35315
44332
57091
34432
34420
38828
38989
35761
47141
45231
57159
55481
43083
50139
34433
51853
33960
45724
41696
42017
46592
33903
49852
40853
45431
32329
44625
41557
44815
33406
45489
42279
50329
36951
49711
36213
44819
35770
48940
35297
37892
38598
35111
55444
37680
31830
49544
43084
49835
31433
45450
55569
43853
46053
44524
43709
42317
40718
44745
41208
32384
29806
38567
41495
36334
36496
29592
42518
42703
35641
36094
41781
34216
65892
34987
66006
34285
34936
34293
41731
33159
39204
40371
38579
47798
50274
36491
57083
51667
56964
53693
61811
52590
55904
47359
55057
60500
44250
38477
50677
36100
46745
41694
45542
47743
50000
53691
49076
45343
36066
64866
53565
66534
60065
68722
49839
71250
49846
42975
48604
49788
60847
53759
31336
53381
43250
36111
61667
62559
55735
50120
55521
48767
48592
56580
44132
76210
35678
42823
46548
40516
33823
52239
41534
44341
56610
43779
49157
43136
60365
46048
42300
41274
40783
43804
43425
47593
89757
46498
58786
37619
50877
52856
39226
67663
58080
38841
48593
49589
40415
39002
49439
39091
42089
45477
49404
36356
40577
49750
56018
41552
55114
47542
51816
41556
54956
41058
42572
65951
35469
52535
52040
40573
43401
37865
51484
40524
38290
53202
44861
41446
54003
42165
52697
48405
61192
41835
43264
46140
35379
43764
50427
45641
49669
42880
43739
65086
45355
36705
72487
42834
49135
43089
52069
44448
32556
44811
37012
51422
48989
44206
38897
39267
63629
41401
37260
30201
38301
54989
34867
46036
46317
39236
43026
44972
36588
46488
47344
44530
38245
49637
46625
39900
26688
46117
35334
34619
42824
34701
36192
41012
54666
36281
40970
36542
42668
53591
43260
54426
31790
36096
49905
37319
42751
44151
38502
44842
39430
35170
45215
39156
44195
36473
44375
36812
41252
41881
42764
29897
53885
58525
33819
35742
43885
49901
36354
48181
55723
48687
46686
51619
51867
41500
48604
64352
44683
54968
37940
38795
39516
50209
40524
44743
35051
38113
56725
44005
43373
37733
39627
33611
42931
42365
46939
35578
46885
49940
52511
52808
42639
43676
48389
42542
41994
43765
64180
37974
54535
59492
51366
45241
49217
43290
55170
42992
46963
76555
58230
41730
41410
48900
50336
86050
42389
41030
42184
44807
42504
60826
54066
64041
45767
45202
39115
36556
52637
48461
44388
44183
43997
41262
46163
46044
56483
43546
54818
54923
44402
45430
41834
44301
40384
57408
79183
51482
60097
41208
57375
37192
59340
41547
45012
46513
43597
40964
48231
44187
48528
41977
43764
53693
49313
50736
48482
58745
71238
62279
71713
49297
72138
35947
44509
25252
41579
31483
35231
57316
52427
40704
50792
34202
33103
31252
31410
33233
36323
28817
53857
43861
36120
41910
40131
49022
36540
34233
42431
36413
43765
42217
37383
27373
54061
40028
29149
28297
41718
41394
34110
41788
48359
38514
42919
41366
32556
25849
53740
46667
42196
37607
40980
46896
51398
45284
30962
41332
35729
40102
49055
38173
47214
30880
50074
48341
39761
51632
30710
49200
49831
37667
41453
48896
36719
47198
55563
47679
55815
44353
59338
42451
47813
46224
46591
44808
51373
48936
43273
74751
47596
52703
37240
46597
49324
35109
48477
52345
51791
50833
38362
44556
47191
48384
25648
48911
54620
54524
31934
39324
51925
63468
41826
52578
32708
43620
40759
33033
33443
45991
41083
31943
40689
35049
31842
52446
41875
33229
29727
30573
37618
36066
37188
47335
36258
37482
44318
38953
56618
29192
42904
38343
38495
32364
35545
26814
39596
46702
23892
30973
33622
37357
34542
38280
36950
39581
35271
42846
33386
39745
29609
47694
27115
32326
37368
34397
41571
51074
39410
33452
35306
41617
41268
42291
45336
35150
37595
49617
46170
37631
39467
34604
32845
35184
39074
33709
36741
42223
52792
55401
28401
36434
43649
46250
42383
39781
39479
55509
52423
43034
32292
34399
33547
34641
42075
33198
35273
34474
89779
60390
40653
57825
41354
42476
56452
61635
47543
53265
46139
49215
51750
33445
43690
50060
50112
49487
71607
44742
42346
67603
38310
40477
36250
21865
39776
45651
48115
44152
47027
44902
33179
37079
65026
35598
36402
72489
38378
47532
53776
38650
40795
31373
82762
41576
45146
65839
36020
51411
50067
49819
34639
50417
50475
38187
37105
40895
49481
39714
41444
40375
74155
46454
38401
36681
42411
34131
34914
51466
43839
61952
40157
39586
32908
44355
48015
42125
42279
33750
85297
45523
44502
35849
52910
61877
47540
53668
69107
50923
39248
43504
46429
45525
43994
61958
41191
33006
40655
49150
36377
53013
53137
45675
65750
36857
58651
56379
40900
34146
40769
50565
55754
43657
33119
45612
22545
44858
44731
50357
49038
49528
40417
49056
42568
36121
40585
57535
41297
42862
61194
73410
43438
46875
43601
43424
65000
33257
40566
34295
40104
36727
49277
26756
44149
51534
44452
47228
38823
57978
42829
44094
68750
44397
44375
39194
41922
39500
41732
31967
42607
46865
43096
31395
55326
31215
62993
37391
44213
42045
44231
67766
51181
37849
35845
36777
40795
37246
36806
47057
49964
48929
49507
41670
52453
64515
44943
47019
37855
37951
29634
44478
58529
61250
33885
31712
40571
44548
67321
40601
86119
37667
45752
32963
28390
46107
50657
37743
50648
47513
47277
37081
48185
47432
55269
24927
41728
50543
42429
53806
36753
56853
44891
39479
37679
39286
42939
44545
58025
34555
39940
46600
51750
34902
40450
43439
50364
37617
50097
42568
44858
39449
40411
51766
45086
41658
25886
71803
64571
48992
56005
43649
49340
44429
31109
25625
46660
57292
49506
44724
46917
69707
57683
52763
45357
45888
42369
55247
48540
49238
80337
38500
50000
60555
40492
48369
46229
83336
61412
62067
60196
65050
49279
41458
54974
57565
50221
45395
63989
35916
56240
59509
52686
52480
41953
49271
57281
50234
52460
39328
67725
44848
52885
44945
50167
103208
52027
51365
57596
42139
65935
36293
29848
38648
47162
57218
32853
48428
33015
72088
77597
47806
64423
40557
33318
52027
44885
110292
88409
44618
68288
45624
68424
45141
60519
80976
30710
59358
39697
34659
75070
61048
34984
49625
63942
76960
48372
81753
62670
49248
31308
122238
54518
35237
53459
55192
36261
53309
45543
48789
70618
33635
51342
36607
60287
42906
34864
42143
76548
37436
63074
98071
44312
56438
47083
60795
48313
52195
33872
38355
49625
37239
46150
78345
97110
47292
39635
35693
61610
41897
49157
36218
41275
82073
85706
35593
32221
36591
44601
69743
50835
34319
30786
32155
97242
120000
31928
47040
30325
50705
38048
37933
36505
38138
71036
71227
28116
51027
44747
39416
34424
81892
46166
30714
40496
38145
48733
38501
66085
65219
44847
48616
44200
43926
43175
60485
51354
46033
58225
42519
47596
51908
37571
55177
51548
45949
42405
58455
46320
71811
62413
42982
41694
42860
47195
48755
40368
39830
40567
59204
53376
55925
53712
68381
49233
41742
62229
41815
46597
51939
36257
43506
37327
53515
42156
31848
42493
38374
31679
31613
34817
33771
38442
41368
37895
27766
38522
32723
43183
40376
65304
46085
36199
35487
36999
22252
42152
40681
38411
34842
31163
35955
44173
41234
36046
40064
41025
34175
41859
33779
45413
54854
40758
37276
35769
28513
33784
39536
37635
39206
39381
36964
27645
37969
34702
42287
34454
44897
38550
44054
44944
53119
47384
39564
65130
50551
43276
57922
42235
61721
53075
50438
45418
48893
48090
47960
53820
39963
46963
55584
46994
55659
39051
44149
53454
45297
54930
53588
51339
49107
42389
49021
48881
53363
40490
46077
33333
43193
49774
51615
45759
58318
75457
47701
59226
48538
50996
42644
54090
45271
49435
38658
68426
52140
39904
46559
52920
44869
49143
45488
40833
54020
41924
66159
75850
50822
43070
51010
47685
42774
52589
79488
55347
63918
53237
50418
43257
42019
57004
55864
64205
57791
38438
53951
45512
52008
77900
71525
68078
58515
47104
55461
