55395
200111
26887
22506
57719
10764
20296
115916
34076
26037
43931
13323
24945
13552
15080
50909
54543
12670
10886
37914
13977
81289
49484
41711
71065
80977
37733
103531
16874
31601
26712
8553
15184
17190
104193
52665
660793
14086
93096
33477
154255
90787
10580
19425
350299
20110
30271
94636
415123
21947
226189
119607
9826
20365
33389
22539
59608
86697
206655
13166
81322
41165
202212
65471
16834
11098
24150
3360
5750
301010
17868
957
1921
4988
99357
2566
2082
32406
57477
13787
13986
1631
97882
9817
9703
7717
3160
6396
8900
1036
6931
9488
8010
2364
635
5547
71828
127448
137682
53119
37957
9346
20231
4087191
203361
108101
1004516
401918
46695
218844
203247
18594
20948
40857
242321
37196
11148
5202
27744
11180
22576
15118
25634
8449
23933
21083
102518
61697
49548
17227
7755
12264
18622
120768
17805
12125
97322
18144
43694
22327
33368
13500
36959
13486
17534
72297
26005
7111
16931
9860
13970
12532
21958
71557
15740
16367
43428
44235
7582
9082
8723
7904
24828
10245
19930
11024
24246
20225
63201
8304
392702
17571
26899
115719
10693
7929
126776
17426
16906
12494
40227
16851
220792
78592
6910
21951
1610921
1116
36742
224241
44624
21419
1111339
27212
183087
965974
27955
134809
179091
18410
874589
150269
64184
31749
10116705
154548
260750
17682
87869
266353
9023
13997
431344
141667
98893
3145515
371694
18606
2329271
1482026
58267
2112619
3263431
852469
715597
279083
758581
440668
1894605
271804
179804
3003
43628
431131
500292
531997
95847
63067
13170
458198
53831
846178
207590
73966
480718
16177
618821
12244
3645
5630
313333
62138
18363
1871
9187
8265
3568
5360
4361
29870
663862
1978
314638
52921
24195
663519
46502
57461
5851
14546
15725
786
6462
1396
558503
1402
8072
7357
53989
324122
14052
5510
22524
148255
698
12928
25772
40873
28328
18488
4629
16345
4363
17626
12034
161875
6707
11607
23865
6196
720
7840
2348
29404
23389
4780
277670
10202
945438
897985
184993
164943
861277
273676
151367
116998
171987
552778
210849
658893
256380
27093
178985
26702
556885
1869235
14532
168474
139377
199798
348777
67857
35012
15907
897698
310659
102408
11815
46281
16997
13635
15944
14048
27469
38505
175855
98236
1316298
19650
144755
48801
14050
8835
315690
679513
283988
39613
8360
18518
351746
339167
153392
2662874
77136
76619
196512
39149
1253001
310211
1397710
485331
938098
634638
72143
217919
291028
163422
396962
442516
114350
44022
22582
15190
507531
31432
61530
24451
18540
8223
11281
3255
45909
18295
73240
101736
17464
18700
153905
12795
18417
15418
33906
72087
22709
23368
6463
52027
10888
114093
65621
12897
283379
11837
24939
230985
120938
3102
267542
6831
730981
42811
46102
139257
17214
135571
12387
22934
16389
22957
27220
722161
20976
14188
92407
138776
10491
4003
55423
19438
22755
10898
23753
109664
96063
204302
22264
996319
28829
3053
82175
56047
25359
16490
877922
43752
190761
8509
28641
32876
25377
11603
213869
149111
9104
61870
13432
14859
16272
9125
9701
28787
18207
10373
47851
29191
65198
7622
17113
113523
31176
21370
14214
13792
28312
8797
21198
5958
22771
27051
8991
17956
39410
200887
103675
35093
14673
148987
26922
29997
18991
17784
41133
11483
21192
2315
16243
7313
201368
87754
5163
14085
8686
63988
25480
5744
31232
6390
1693
25224
8442
16518
9132
44959
40704
27282
11098
6778
69469
8153
8320
21984
26256
68218
87615
35515
5520
20635
29949
2649
7995
27970
103542
8847
9940
9326
20940
194190
991788
89
70475
163019
426236
3861
83347
5957
9118
45269
21482
6824
41585
108623
10979
2622
1039
203143
6837
23540
867
8562
4140
26094
13021
12867
16866
15064
16215
27021
22818
147326
38411
7726
3838
5316
38038
20323
40007
4184
11353
22836
7617
12390
10341
80914
9826
10021
66988
7492
17269
53869
6832
33840
4956
14715
13156
207133
33892
16180
13520
37857
53320
5246456
19393
10833
105462
16284
19889
932708
17841
6617
34320
21870
13688
39411
36007
5291
13434
50425
8296
18564
4129
6916
49635
28879
59677
9623
38534
22571
22254
12601
527306
111375
121350
52069
705186
111241
16519
34735
37903
29746
31880
307283
174061
108350
46453
266560
38571
12014
13898
14905
12570
15945
33722
29359
34929
14837
52085
187319
21672
16431
16022
4276
5815
5814
32869
16061
146063
265729
24612
198997
7330
5204
22048
5813
46435
135707
17447
79728
11549
17874
14337
16543
14374
56876
685419
67008
288542
39187
34791
365918
80217
8700
12401
61915
14962
19923
38438
114262
26562
32776
10655
32729
49506
26524
42383
117074
42345
201971
23468
76179
16658
22934
20500
33759
68569
32726
302623
71978
39299
156056
48995
82982
36706
43705
33475
21179
32494
28000
147538
37938
78564
38436
490228
111444
45704
130069
934243
47107
10203
35954
143339
38146
69693
14156
47618
6035
19626
20969
17233
19454
12624
167076
25540
12967
37618
25384
28497
16892
267618
23712
44579
20801
23074
34308
21050
10452
183074
15415
7246
182006
15693
108175
32252
8352
61149
27878
67671
27862
24453
33403
7454
3875
14038
12661
5794
25680
132897
26433
24721
21038
20578
15006
9866
20562
13448
18411
43254
11836
12264
9217
16515
17692
48051
17228
77400
8781
8263
17398
40255
16935
96370
9990
20343
16077
10436
7022
9200
12375
10722
15117
11027
17311
14324
20217
9449
9640
7042
16375
19482
36872
17325
142287
20454
10231
15222
35286
217751
11161
8701
11683
15609
22370
33365
40866
14831
10779
8996
8001
10421
42903
14056
6218
15496
9099
24874
7138
459862
93128
18668
5051
10035
171387
11948
34681
94073
17451
6143
12516
7468
35212
47956
22070
6395
36955
10559
20768
102271
7624
12840
12909
7883
16513
4897
27385
14772
9815
66227
2692
3481
20787
2693
2144
8317
9385
8433
1954
35963
39290
2908
19394
7874
116585
3030
2694
29013
6392
37184
34795
25611
36713
2727
2566
7816
6082
1301
6328
2603
5818
34820
4106
1916
13539
18855
3043
574272
3915
7698
2513
20960
1687
78797
3167
9502
2794
33212
29241
12208
10006
4357
32822
6284
34065
5698
3110
10148
16416
3105
5560
15936
3756
6065
6916
5533
22897
9850
2584
63794
4803
10015
75194
5155
3197
6956
55755
5080
508803
23465
178406
2539
6110
3769
4297
2111
5801
23528
7891
2902
7022
1506
5598
2176
9028
3157
161636
19204
20384
21888
8240
43148
12206
27778
126413
19972
48832
29706
8406
13409
19888
77955
12875
12725
38282
91833
4978
10815
27223
15891
74250
35758
21147
10165
9224
6745
98275
12013
7672
14447
310797
14545
38108
49880
6265
8589
16858
24875
37618
26194
11043
36308
8753
108266
28163
18592
18597
46467
15572
4734
46376
13289
760026
50815
23262
163929
15892
31798
14180
60015
15804
7594
10918
23359
13880
24445
9359
26867
8430
65316
17863
9478
87340
12913
20007
30953
12537
17166
29139
6287
21319
9990
10704
27474
13303
31207
44812
7041
23977
63490
10645
4508
14493
27597
63034
12434
63825
2197
16826
23655
17774
51284
44875
17826
17668
25257
12520
14142
8786
15165
120460
11959
20486
13236
35503
7214
25563
62486
25713
117029
23034
41145
36198
13885
125064
252603
197204
9894
6679
10151
16412
20466
27142
446042
7487
19813
33700
20441
22384
73913
33327
15994
435716
31477
235644
98020
14839
47617
135751
11843
26760
39166
384320
156325
23447
22406
132488
8669
20740
24199
44409
52745
10619
21638
43745
83709
53315
53162
245829
127049
4830
113328
22539
59616
52132
46286
40333
25085
11525
15406
14743
107440
69447
287797
30296
54696
121112
39676
34170
57238
153414
17026
35045
51163
39051
31808
200710
72952
560133
826925
90613
32538
167830
102383
154747
32578
243675
29679
250105
309284
19820
1030447
904430
48804
110382
25859
37643
149573
101539
51675
622793
214914
128715
554194
17356
769091
70862
468161
160939
1570315
10856
692254
507022
767254
813475
10454
9459
113847
28988
23267
15353
8654
59281
106179
17519
155233
43545
134878
51608
26121
25675
38321
30652
77297
13745
36559
25957
108579
33204
412895
25411
15737
90782
41665
45830
36495
32065
284582
64294
25420
11387
70616
159741
258818
17394
629237
2217
11341
88153
21915
99047
185596
6426
11042
860112
24420
67676
28824
43186
23714
83427
15037
149824
62893
9300
172344
47900
1237868
26221
21039
6172
23169
8371
24158
276292
13004
23955
195012
160078
60946
41587
8171
68933
54000
75199
356874
1764804
32886
15771
341864
33259
45664
39506
5127
65385
25292
35571
97338
28559
12110
54025
61286
8791
5233
11633
63265
412529
20353
36790
14192
20776
30840
46423
5956
1212064
18738
20573
38413
45589
10269
15930
42285
4435
12856
6891
10680
3918
27770
5788
25665
35882
5505
9417
20220
23107
25884
32810
39323
8470
33093
21590
6639
150287
57635
14058
29095
9281
31704
10984
532655
4043
15515
15025
65151
9553
15679
200949
139672
91126
14918
152912
36573
9800
9436
24264
3387
21362
13757
19025
249283
11083
6495
51097
129918
10109
31737
37380
12629
19163
8296
33768
14745
10254
17313
8294
9080
16299
20225
24807
28797
19442
170913
76330
7833
23303
14326
21666
45949
199058
243729
18459
8741
1397
23527
141137
16601
7599
11822
68290
10163
52930
60099
79739
12502
23193
85246
31422
34775
59730
101688
25868
36234
36003
10400
29465
21832
11115
49414
34444
55224
12227
40058
30950
25428
7678
148070
28461
4647
27463
16188
17875
27496
14761
28204
22039
19420
10598
28097
14859
47983
48958
20490
9972
9191
18478
12276
27817
25602
17379
5382
25887
35662
12057
16584
18806
12394
172717
89486
42972
9034
44750
44021
78043
9043
6258
100889
13952
7694
82101
6917
233682
20299
76557
17585
24650
7628
16389
8297
12692
15655
13546
31344
102084
14866
6826
285865
10197
8639
22028
9219
4516
10159
40173
10267
683191
117543
222716
54362
4000
35439
32688
38023
10138
54249
12311
15053
22800
15479
12368
9013
28920
3719
25141
14232
15856
8707
11841
20240
18272
58598
23081
10911
13703
9492
17650
19202
42225
44847
18541
94788
31054
53436
4829
10255
25072
22949
6565
13969
379493
9457
17914
65960
1001876
23347
4370
4863
38903
8329
6108
29867
31104
6411
54230
25642
21001
33253
25077
13452
36888
2073
18291
317419
9345
13282
6619
5667
10399
1169
82344
5894
12092
1793
9518
9150
3108
11442
94924
97308
1309
13696
852
3209
16596
11558
1991
29099
65856
2359
19125
1694
7820
1853
4257
112684
4589
15880
485
4192
6219
1783
6909
1148
41030
11576
11332
9326
11364
3696
34680
9290
3665
6064
5150
692
7640
2102
1121
155634
31457
6398
453
764
504
5353
11340
2033
2941
48224
6573
8249
25524
8610
3978
5762
10148
6315
10504
9027
10728
20850
9042
24096
1940
5782
36744
543244
1886
5661
3076
2705
4888
21663
1911
2003
1970
619
2482
61492
9135
3492
933
2901
10403
728
6362
7335
5185
6644
8121
810
3713
8482
301795
35815
750
588
498
35174
7766
4862
3570
7175
4369
15797
2702
2891
9187
7202
32666
5271
10867
8128
1443
14252
172193
20919
36465
17150
5259
3074
1303
6069
5230
687
6969
4204
20258
9431
3658
766
13917
23989
2069681
47536
52766
822
2018
17279
6009
5184
51789
4500
42282
6698
3912
440078
10034
54522
60305
47399
76115
31653
89658
405184
147171
300621
125604
43103
275209
933572
449722
511038
95344
157389
795723
290951
669115
126067
371537
836297
629279
499727
586301
508856
64715
332568
144909
552939
106917
675551
3556
65878
27349
12680
50969
1825
213676
56395
29096
4468
683
4560
69999
19706
17682
24673
74098
4592
65082
8501
39777
19536
137608
123785
28239
148164
11325
17310
33084
15611
4297
75817
308171
47736
1438159
197349
78600
78823
132053
87770
49426
81632
62122
49024
46581
296579
922835
38679
51262
54105
59162
47967
4715
63744
119103
2621793
27220
64586
72369
749857
49779
1358627
1636268
213525
232871
468196
109707
376099
41984
120913
61128
99487
2321580
159774
473279
323866
111400
224921
155735
31566
18479
34884
98394
1502968
75943
49870
104691
180445
64973
62372
92051
972634
41188
25208
155792
37392
10879
25765
27126
17773
47585
20106
34657
118836
250539
89486
192103
81484
10331
68811
23082
154534
68698
27141
14572
10581
97076
56953
104510
326328
24976
35104
164072
41434
59882
294460
54933
365298
62860
211127
11567
8644
58500
21093
512119
52970
126666
59471
111149
24308
51611
5676
166675
40981
181423
10076
59662
58485
79829
44965
33875
21157
23454
1012539
15311
27395
93077
94357
216298
20463
187589
140420
12948
39787
56250
13466
39132
175354
20357
142778
45733
134760
91696
138630
66600
64050
35576
60600
46419
72968
14274
33045
4115
218568
44614
998691
20231
12570
52560
124456
68838
81401
37792
17614
2384
11144
6833
901
6650
3247
2245
90503
167005
3855
5150
2432
4399
2377
3422
3362
1825
70138
2361
2319
2660
2424
4149
1944
5988
2801
10996
9578
8746
29822
9782
3045
1850
7128
4404
11564
5446
2587
16432
14616
3931
1326
4422
765
30372
1955
21129
2310
8082
10970
69384
4192
32130
28129
105040
53035
99175
64713
45841
69461
44116
374158
28187
39128
136554
201560
41835
105686
36516
42480
1259828
52196
38510
189113
75828
150381
28800
1231393
42580
30397
94295
163820
39590
806631
75337
31796
15543
27937
43045
28725
43898
58714
32748
67694
61167
229230
61623
169390
45507
304216
435286
43918
233204
65720
176029
23331
40831
103900
14465
533116
14843
35152
85818
14363
41154
18989
35812
56876
28256
161882
41586
34171
121942
77159
60179
77258
55669
48951
375736
541943
205175
92788
53776
28462
13234
221659
61213
115537
37291
129590
22353
22186
5790
13796
5486
23691
9917
44486
29317
129582
48821
48341
15161
2294
269908
5807
125033
6150
14582
70632
29500
41446
4914
4150
63091
27561
53854
4501
6151
2798
3812
12896
13806
25998
6292
11103
45478
15532
9336
10693
49761
34619
45276
9773
37313
33050
20088
7750
16182
40816
13803
69966
11494
10524
12186
766215
39095
47981
32105
16401
80264
44626
38005
71811
11125
3761
89815
25421
41358
44493
21853
7628
629598
75702
51937
11547
9288
21529
16059
86316
394972
37474
49459
62475
20998
22335
170388
106972
1932
7180
7126
22885
210287
22192
83599
65455
7838
358337
46406
119356
30359
326110
11187
776712
77916
1710
25342
76705
25691
6820
25515
562998
1375
101758
101714
1231255
67785
169392
48946
413691
125955
61784
626685
185943
137732
4805
64441
158742
512784
38821
81191
39745
67122
87175
243762
271453
562960
31194
278443
134086
7518
152892
14632
37843
45750
87706
44638
24796
212719
533320
88771
136359
357823
318829
116508
42554
114884
46552
166314
816857
18641
300654
93944
45634
1560297
56191
17206
145797
40323
76218
6339
41920
42274
44874
53529
40703
208187
51401
359320
28131
440755
49060
165128
82358
631974
126653
24965
164753
9695
192810
15182
21959
175852
198205
14878
381015
56024
32337
46125
34113
37771
67799
31127
148469
26553
22976
139231
60773
482752
69520
20405
298832
27170
63161
83160
66533
18343
277888
9846
31933
27924
37783
75192
90090
120368
401566
20026
293542
107919
27876
32695
245346
2745
18169
3430
7023
33314
38408
5309
2077
10298
1386
9287
3645
13932
27938
4182
8445
19885
5588
4312
5662
2973
3983
6845
2357
7241
4217
1847
5989
3345
3419
1250
17642
7200
1396
3274
2007
975
5075
12368
24657
51548
3877
5649
2429
4683
26951
2100
2316
182882
6367
108242
3033
2340
10374
2336
14218
6598
2983
1438
9882
5512
8272
15029
5511
22684
2826
75528
46627
16145
13931
126339
102975
39918
13757
28370
56886
39764
17379
31592
7765
35374
53623
14668
57985
668347
11666
19268
50575
37935
39011
17855
41402
49472
28853
22864
68335
13425
63036
351220
6657
25965
25870
56735
18185
28009
32204
24384
8267
18135
11568
52677
17859
448644
7631
27382
42274
11906
33637
50771
52626
26267
23003
98178
28407
31269
85515
11701
45233
189961
6319
21660
30941
22028
7822
5124
16730
74165
32641
52748
68079
288906
21987
14704
95110
938803
19009
13279
157047
172706
61623
8002
17963
19113
5633
39969
126242
16913
34373
26301
205226
125376
57627
17477
87750
24972
8811
1955
47774
29114
6910
20892
78069
3592
32863
329140
1855866
10812
652
17780
93275
338124
209152
9173
1536
7194
37653
17253
44943
39810
21797
13513
420392
12621
6013
30261
7781
38145
50902
7089
10370
2935
3254
8430
885241
3017
20719
123694
13550
4050
38761
75562
1415
4950
3812
5899
2266
7135
2518638
13372
19195
5238
753363
20684
2218
11089
3543
11533
18176
153904
1879
159317
833487
40147
16989
33752
24833
3831
5949
1275
685345
10600
19762
18531
19425
314198
6435
25520
1291
7549
20462
23044
123534
123204
27172
147250
34720
3147
8199
5509
3928
55621
4441370
67336
6089
5769
185025
4180
79290
831073
34848
23577
53921
35921
22741
36651
3211
88493
21773
1574
8855
14739
35552
2204
252235
5255
41353
157456
19936
14906
111236
38880
400
785
50562
4438
262
3526
32190
3858
49523
13574
20156
7474
19721
16742
16861
78117
23524
3553
12091
19510
86
293974
5771
8199
243441
805
13861
10149
5460
4071
36519
57023
47894
2147
155830
24256
4870
9076
19416
518947
22148
12743
1153
65301
48195
14138
15093
356221
10758
2070
83433
28096
23769
123164
9908
15893
46079
121627
6976
11032
128220
3755
3371
12446
14349
7302
928
16500
87809
10416
53923
10350
8610
27099
66915
5622
3162
17328
3343
25515
3084
218842
8694
62955
9405
1339
1403
3972
7581
1945360
135143
927
12739
1608
32506
116608
1151145
14224
21418
40354
3454
27117
48974
52910
91081
69789
46820
11625
34438
266673
41168
5714
132355
12973
21903
489250
46402
7821
61638
42852
8286
18350
14319
12267
6461
51518
118343
20660
1117
329692
20380
10631
5024
9429
47269
10486
7254
12606
10608
1484
2293
1091742
15251
28477
20773
39105
61598
36867
560974
27714
151948
2723
240475
37009
36445
30981
160531
6125
48642
6994
25082
28859
27082
60086
58998
43714
56014
33021
104489
15820
12855
32041
15279
226908
73862
4563
76583
6625
33100
16498
23106
16913
54885
29778
29621
7023
12225
332499
14423
5234
49166
9827
15308
27859
11103
1137538
68248
15578
26092
56358
82377
16815
37141
21936
15093
19031
11681
35200
101918
321924
52081
2248
36007
72583
7175
25371
16186
11044
24951
363050
34348
12466
13157
8836
31192
10696
97244
14850
20021
12121
12251
15579
35026
23848
18264
62383
28449
23074
37333
446094
34322
7361
8902
93785
22327
78171
28023
22384
43021
31555
18059
129188
139992
6790
11767
43452
38987
54729
17477
39935
29121
66342
150575
0
17184
6603
45593
233371
17731
5802
42444
5462
24483
13601
8526
28350
7014
136879
52478
22196
7311
79047
42081
15174
13711
182965
245428
4031
32701
12048
96004
17646
217853
99428
25483
24538
86806
450980
21366
14691
27543
19179
22189
186486
74588
72715
451008
3985
102133
39804
7667
87809
2215
93147
70818
79275
30228
2079967
254183
42522
20861
75128
10250
60711
41290
20561
12985
831928
16015
120365
11340
759583
484318
43650
265851
4067
59844
208351
46827
247687
16766
110497
23714
14463
23530
97109
7513
8941
8391
45132
8618
11687
35450
23483
30112
13923
68761
29126
55713
190223
16414
21561
35348
20448
56803
32416
27016
61785
27578
25716
103463
13582
17453
25827
43328
7371
7634
8662
33788
56770
78241
29429
10011
14664
13417
17069
6927
9098
24731
41122
8834
15988
5845
86237
22598
20215
16103
45455
14985
256670
13188
15328
49491
63460
34423
56615
16392
516284
88574
27766
43698
44305
101564
4481
101759
9127
51829
37063
18836
23825
5917
20652
84395
26395
168068
20444
118011
16853
19410
28493
80160
135780
41298
15050
4522
956406
45379
37417
35563
182006
87470
7335
40958
43437
70482
13675
195163
17662
161188
14333
86759
63379
16437
41579
115290
20540
29509
30362
21398
103527
15694
133251
395118
52066
24178
169511
73608
37811
11930
48320
15854
14097
7248
40703
13514
4816
8573
96389
18567
81624
2463
28989
8799
30032
10057
45010
22930
20904
8322
7201
