12.1
13.9
26.7
18.1
15.8
21.6
28.4
21.9
24.1
21.2
19.5
21.5
29.3
19.0
18.4
18.6
17.9
32.7
20.9
20.0
19.1
18.8
17.4
35.5
19.9
13.4
25.4
19.0
19.9
21.9
21.2
32.9
26.6
14.4
18.0
16.0
18.0
22.3
17.2
17.5
22.0
14.7
26.7
27.3
12.8
24.0
20.9
19.5
19.8
28.6
21.2
15.7
25.6
27.2
27.6
24.5
22.0
15.2
7.9
38.0
22.9
19.8
18.9
20.9
18.4
39.2
24.0
16.7
9.2
7.9
22.8
7.9
11.4
18.1
8.4
7.8
14.9
6.2
8.6
10.2
11.7
21.1
9.9
27.7
10.3
22.0
13.5
15.1
10.0
5.5
13.3
8.3
31.4
9.5
5.9
24.2
36.2
17.1
23.0
21.6
22.3
16.0
19.4
16.7
19.4
30.3
19.2
15.6
26.3
15.8
20.2
15.8
18.9
15.5
12.2
16.6
31.3
14.9
18.8
33.0
24.3
20.2
15.8
17.7
25.4
24.0
20.6
20.2
26.3
17.4
19.7
30.1
28.5
14.6
20.5
18.7
20.7
9.9
17.1
27.4
14.2
23.2
23.7
18.7
28.4
23.9
20.1
24.1
25.4
31.5
27.0
14.0
17.6
13.2
22.6
18.9
19.5
24.9
28.8
22.0
26.5
23.5
23.1
15.6
33.5
24.8
28.1
23.1
19.3
21.2
17.2
21.8
28.4
8.6
20.0
26.1
21.2
24.4
23.9
25.5
21.5
24.5
20.7
17.5
24.3
22.7
12.5
16.6
12.6
20.4
10.9
12.5
10.5
21.8
9.0
26.0
18.8
20.4
23.3
12.8
22.9
21.0
25.0
16.9
17.8
22.8
7.7
16.1
20.0
25.4
21.0
8.5
17.0
10.1
12.0
12.4
8.7
15.2
16.2
17.6
11.9
18.7
14.4
13.5
18.2
14.3
7.6
16.0
10.2
14.6
17.5
19.4
21.0
13.0
11.9
20.3
16.7
19.7
19.2
26.2
14.5
11.1
19.1
21.6
14.2
26.5
12.1
9.7
15.2
19.1
14.2
7.1
8.0
7.2
10.2
19.4
22.2
29.1
14.6
15.5
19.1
14.9
3.9
10.9
6.5
12.4
17.6
11.9
10.8
11.1
17.7
5.1
20.6
8.9
8.6
17.4
13.8
14.3
11.4
14.1
17.8
13.7
17.6
14.7
6.4
11.5
19.3
16.0
13.3
25.2
5.6
9.1
19.9
10.1
23.3
19.1
14.9
19.2
9.1
24.7
17.1
10.6
18.9
13.7
7.0
13.1
14.7
8.2
9.1
11.6
6.4
6.4
12.4
8.7
6.5
11.4
12.9
10.7
13.4
18.6
24.9
17.3
14.7
18.2
13.5
14.3
23.5
12.6
16.8
9.8
14.1
19.8
29.6
17.4
16.9
18.1
16.6
20.6
26.5
24.1
24.5
16.4
23.6
29.6
26.7
15.4
20.1
16.8
23.8
15.1
19.9
17.2
20.2
13.8
15.4
23.2
23.7
24.1
22.5
15.1
18.1
13.0
19.9
13.5
12.6
13.4
26.9
17.0
17.9
14.5
13.9
14.1
18.2
26.4
9.6
18.4
12.3
12.2
11.3
12.0
23.6
16.7
19.6
16.8
14.4
17.9
20.1
22.9
32.2
19.0
31.8
30.0
16.7
13.7
17.1
38.1
22.5
24.9
23.3
21.9
24.0
11.7
31.3
33.5
14.5
38.7
15.5
25.9
18.9
13.9
19.7
19.1
11.9
24.0
9.8
36.7
44.5
24.0
29.1
12.8
24.3
26.7
8.3
23.1
12.7
20.6
31.2
15.9
15.6
27.1
19.0
19.8
29.0
31.2
16.1
31.6
31.3
11.2
20.4
29.4
27.9
23.0
7.7
21.0
7.6
18.9
17.6
21.7
21.4
19.2
21.0
30.1
22.3
13.9
20.8
18.7
30.6
22.8
8.0
25.4
24.3
11.2
15.2
21.2
15.9
21.7
24.5
31.5
29.4
22.8
16.6
18.9
26.7
24.7
11.2
18.7
26.5
19.2
24.3
18.1
22.2
14.9
29.4
17.9
20.5
21.1
23.0
26.2
12.9
24.5
15.4
22.4
19.6
15.2
9.3
16.4
11.4
24.6
11.9
20.5
11.2
23.4
15.7
14.0
26.4
21.5
25.4
25.1
14.7
22.3
27.0
26.0
21.5
19.8
30.7
32.3
21.8
30.0
27.4
28.2
30.5
31.6
26.5
27.9
26.9
16.3
25.8
23.6
22.0
28.7
17.7
20.5
16.7
13.8
24.3
31.6
25.0
22.7
22.5
31.3
20.1
20.5
27.8
27.3
21.3
20.2
18.3
9.8
14.7
11.2
10.6
13.1
16.6
15.5
12.9
14.7
15.2
8.3
17.0
15.2
11.4
16.5
15.7
15.5
20.4
7.8
15.9
14.9
12.5
16.1
16.3
12.2
12.4
18.2
20.8
17.5
13.1
18.3
13.4
20.4
23.3
17.9
16.6
35.8
13.6
11.1
16.1
24.2
20.0
13.9
17.4
11.7
15.0
9.5
15.0
14.4
31.6
14.6
11.3
12.3
11.6
11.9
13.7
14.8
22.3
14.9
12.3
15.6
8.9
22.0
16.9
14.4
13.9
19.0
14.0
10.3
6.9
18.4
11.4
9.1
17.0
10.5
19.1
13.3
17.2
13.2
9.0
17.1
13.6
23.6
11.3
10.5
13.7
30.4
6.6
16.5
7.6
9.5
14.1
11.1
16.4
4.8
16.7
9.0
12.2
13.3
10.7
10.3
13.8
23.1
7.7
14.2
17.6
12.4
14.0
18.1
11.0
16.3
16.3
9.8
10.1
5.4
14.1
14.4
12.8
11.3
17.2
18.4
6.2
16.6
17.0
18.8
14.2
12.4
14.2
13.3
17.6
19.1
14.2
15.9
12.3
11.8
11.1
15.9
9.1
19.5
19.6
12.7
15.8
10.2
14.7
15.6
12.0
8.0
15.6
17.5
8.8
18.1
15.3
12.2
11.1
16.0
7.5
14.6
10.7
16.5
12.2
15.8
13.9
19.6
12.9
9.1
14.1
12.4
22.3
8.3
16.7
23.0
13.3
11.9
13.5
15.5
11.5
18.6
14.0
5.1
7.6
13.2
5.0
17.0
16.7
12.0
13.0
7.7
14.7
13.6
16.7
10.6
14.0
11.9
16.5
17.8
16.5
15.2
17.3
20.4
15.2
14.6
17.2
25.1
16.8
11.5
11.2
14.2
8.3
17.9
14.0
13.3
10.9
12.7
10.4
9.9
14.0
9.7
17.4
9.4
15.4
17.7
19.0
12.9
12.6
16.9
11.5
17.9
22.2
21.6
9.4
12.7
15.9
15.8
20.0
15.1
7.1
9.0
15.1
21.8
10.7
10.8
8.2
9.5
11.3
12.6
15.2
9.5
8.4
17.0
10.1
7.3
9.9
12.8
9.8
13.4
9.6
11.4
8.0
13.2
9.7
10.3
13.7
8.9
12.5
14.0
15.8
6.4
21.2
19.5
8.4
13.8
7.8
10.9
12.5
11.5
12.6
11.1
10.2
13.0
7.0
10.3
12.3
10.4
8.6
9.6
17.9
11.6
10.2
14.4
10.9
10.5
11.8
12.4
17.7
8.3
13.2
8.7
15.1
9.7
12.2
17.0
8.0
8.9
15.9
9.2
12.1
7.0
7.1
9.0
11.8
16.1
14.4
11.3
8.6
13.9
9.2
6.4
14.2
11.8
13.8
12.8
13.1
8.7
13.1
10.8
8.2
20.9
11.5
14.5
16.1
16.5
19.1
7.3
9.8
12.4
15.8
11.4
8.4
15.7
11.5
11.0
17.0
12.8
17.1
10.6
13.9
19.3
19.0
8.4
13.1
15.2
18.4
11.2
12.7
14.0
16.3
9.1
6.4
17.6
20.6
10.1
10.9
12.3
19.0
12.9
18.5
16.2
6.9
16.0
15.5
13.1
12.1
10.3
11.2
13.0
11.2
5.4
16.1
11.2
16.5
12.8
10.4
5.2
9.4
7.7
12.5
6.5
10.1
12.5
12.3
15.3
10.3
10.7
12.8
12.9
12.8
21.1
8.2
12.0
12.2
9.5
9.5
9.7
19.4
8.3
11.3
11.5
20.7
12.7
9.4
10.6
17.3
9.5
6.3
10.0
9.0
11.6
11.5
12.4
12.5
14.9
23.2
18.3
12.8
14.6
17.4
11.3
15.3
19.4
16.7
12.9
16.8
15.4
15.1
4.0
15.1
13.4
11.2
6.7
6.4
8.4
10.2
9.9
17.8
19.6
23.9
19.1
18.6
11.3
14.4
20.8
28.0
33.5
9.0
17.2
19.9
18.3
16.8
32.5
19.6
10.2
25.1
21.4
20.1
13.0
16.2
29.9
20.3
26.8
20.5
15.4
37.7
24.4
20.8
23.6
15.2
16.1
31.8
27.2
18.9
22.2
28.9
16.6
22.2
20.7
19.1
18.0
18.6
23.3
21.9
17.9
14.2
15.8
31.3
23.1
26.6
17.7
17.1
18.3
18.8
34.2
16.7
16.9
24.3
13.7
23.1
34.7
16.9
21.8
27.0
37.2
22.6
25.3
29.1
25.4
16.9
21.2
16.8
16.2
30.3
18.8
21.4
28.6
17.0
11.6
35.1
19.3
16.9
27.5
16.8
20.0
25.2
25.0
28.9
20.4
18.2
16.0
19.7
6.8
16.2
37.7
15.6
25.3
23.4
31.7
23.3
22.8
25.5
28.6
27.3
12.4
12.4
20.3
7.7
21.7
20.5
16.1
17.2
25.7
19.1
14.2
24.3
14.8
26.0
40.5
11.6
18.7
16.1
12.3
18.7
22.6
16.8
26.9
14.3
19.5
17.4
20.2
8.7
21.8
29.7
31.8
22.6
19.2
48.0
17.3
24.5
29.9
17.3
20.7
19.2
20.6
16.5
18.8
16.7
14.1
14.2
30.4
13.3
40.3
26.5
26.0
27.3
23.2
12.7
17.7
19.9
21.8
21.3
21.7
18.7
12.7
27.4
16.4
16.1
26.8
18.2
21.0
10.6
21.2
34.3
17.1
27.9
17.1
13.5
25.7
21.9
14.6
25.0
16.6
22.6
15.6
16.3
11.4
15.6
14.0
13.4
10.8
11.7
14.9
17.0
18.5
11.1
17.8
16.4
19.5
9.5
17.4
6.3
8.9
4.9
14.4
5.6
10.4
7.0
16.5
6.1
13.9
7.4
4.6
13.2
6.7
9.4
8.1
7.2
23.4
8.6
12.4
17.0
10.9
23.8
9.3
12.8
12.4
10.1
11.2
12.1
17.7
13.0
8.1
10.4
6.6
7.6
20.8
11.2
15.1
14.8
13.5
17.3
15.4
18.1
13.2
11.7
14.7
13.3
17.5
18.7
17.8
14.5
13.3
17.8
17.7
26.5
11.1
16.8
16.4
12.7
10.8
10.9
21.0
21.4
20.3
11.7
19.1
19.7
23.0
15.8
21.9
15.8
19.0
14.2
31.5
17.0
19.1
16.3
15.5
15.8
27.9
11.0
11.2
14.1
6.2
18.6
15.3
12.5
16.9
15.7
16.2
22.9
13.6
13.4
15.1
12.3
18.6
18.1
19.9
18.6
10.3
19.9
21.5
13.8
21.7
20.2
13.5
11.2
12.9
22.2
19.2
14.9
17.6
16.8
20.7
15.3
15.7
19.4
15.4
24.5
18.6
12.1
7.4
12.9
21.9
14.5
12.4
19.2
9.4
12.5
5.0
16.4
10.6
7.5
12.3
16.5
8.3
13.7
12.9
7.6
7.4
10.8
12.8
12.1
11.0
9.9
10.1
12.8
10.9
13.2
8.0
12.5
11.7
13.5
13.6
9.8
14.1
8.0
13.6
7.9
8.8
8.7
14.4
8.5
26.2
7.9
10.7
10.2
13.9
12.6
16.3
10.6
10.6
16.0
13.1
8.0
11.7
10.9
14.8
10.7
12.6
9.2
16.9
11.9
10.0
11.6
11.6
13.1
9.7
16.4
5.5
7.8
11.8
13.1
10.3
15.4
9.8
15.7
9.0
8.3
16.9
9.4
5.7
10.8
9.2
15.0
6.5
12.2
28.4
20.8
25.7
27.7
24.1
34.3
23.7
24.4
25.3
24.1
33.1
23.4
26.4
38.2
26.3
29.9
9.8
27.6
23.0
18.6
18.2
21.9
18.7
19.9
25.3
43.5
44.9
32.5
15.7
15.9
22.1
40.0
27.0
23.0
33.3
25.6
17.4
24.1
18.8
27.7
18.3
40.4
23.5
25.4
12.7
28.2
22.2
21.6
31.1
24.1
18.6
34.6
33.7
25.3
22.2
21.0
27.5
14.0
24.2
40.7
11.5
24.7
31.2
22.6
23.6
18.0
36.1
30.2
18.5
25.5
17.6
30.3
23.5
25.3
24.4
37.3
28.4
24.9
27.8
29.8
22.2
35.5
23.7
8.2
11.6
17.0
19.1
18.7
18.6
20.1
19.9
20.0
17.0
21.2
14.3
13.0
16.1
15.8
13.6
21.9
8.9
23.3
16.5
10.6
17.6
9.0
10.2
13.3
17.8
21.1
20.6
22.8
14.7
9.9
20.9
22.6
25.6
12.5
14.8
17.2
18.7
15.8
16.3
18.1
21.6
12.3
18.2
23.8
23.7
17.4
18.4
11.3
17.6
26.3
19.7
9.5
18.6
15.0
13.6
15.1
17.8
21.8
16.2
21.4
16.7
16.2
20.3
20.9
26.9
11.4
14.7
17.5
23.4
21.7
15.0
28.4
27.7
8.7
20.0
29.3
12.0
18.4
18.1
15.1
7.4
23.6
12.8
18.8
9.9
19.4
11.6
24.4
24.6
5.8
21.8
11.9
19.4
10.9
18.6
24.0
18.2
19.1
25.2
18.4
15.0
17.1
17.0
18.8
21.4
21.0
13.4
23.4
21.9
18.9
13.2
27.5
27.4
15.1
25.5
28.8
10.5
11.1
13.7
14.9
21.7
13.3
10.1
16.0
20.5
5.9
13.8
14.2
14.1
10.5
33.7
20.7
15.1
18.9
7.8
12.4
22.4
10.4
21.0
17.9
7.4
8.7
13.6
18.4
16.5
13.0
12.3
11.1
14.0
17.5
9.2
15.3
21.5
16.8
14.2
26.6
17.3
22.0
11.8
19.1
7.8
13.5
15.1
16.3
11.3
13.5
11.2
13.3
12.3
12.8
11.0
6.9
15.4
17.7
9.7
23.9
10.5
15.6
13.6
9.7
9.4
6.4
10.1
12.8
13.0
14.0
9.0
15.5
11.6
9.6
16.9
19.3
14.8
13.5
11.2
10.7
14.3
8.1
8.8
12.9
12.0
16.2
11.7
9.4
13.0
8.0
18.8
12.1
13.7
10.1
12.1
5.9
15.5
10.2
12.8
10.3
13.6
13.7
4.9
11.2
15.5
13.0
14.0
15.2
11.4
12.1
25.8
13.6
14.2
12.6
13.8
12.6
10.4
11.1
10.5
21.5
5.8
9.1
5.6
10.7
8.3
12.7
17.2
10.0
16.8
6.6
8.0
13.7
8.8
16.0
13.5
9.3
8.5
13.4
7.7
26.9
15.2
7.7
15.0
15.5
16.0
8.9
15.0
15.1
10.2
8.8
22.3
13.9
12.3
9.3
17.3
15.0
20.5
18.9
18.0
11.0
15.1
12.9
16.2
9.9
10.1
11.4
13.4
11.2
8.6
8.7
5.5
10.5
9.9
14.4
7.2
5.5
13.0
10.1
17.5
16.6
8.1
16.8
4.0
11.2
8.5
7.0
4.4
10.4
16.3
12.4
5.0
5.7
10.8
7.8
18.0
19.7
21.3
27.6
17.7
18.9
23.5
27.0
12.5
20.2
17.5
16.7
24.3
15.0
14.7
4.4
29.7
35.0
19.7
21.8
21.4
21.2
25.4
14.2
22.4
29.4
17.0
22.6
25.1
25.3
28.6
11.9
23.6
13.0
16.5
29.8
17.4
17.9
12.7
19.1
15.7
15.5
14.5
9.8
14.7
14.2
9.0
14.6
11.9
19.2
16.1
12.6
15.1
9.4
15.0
15.4
23.2
13.5
13.4
11.3
15.0
18.7
6.0
17.7
13.7
15.9
14.8
9.5
12.4
13.4
17.4
15.5
5.8
15.0
13.2
11.9
13.6
19.6
6.5
12.7
11.5
11.5
12.3
15.5
6.4
18.2
9.3
20.5
12.5
10.9
13.2
11.3
9.5
10.5
15.9
18.3
17.2
19.8
24.2
21.1
18.0
21.0
23.4
25.8
16.6
17.1
20.0
13.2
19.5
6.0
14.4
22.6
15.2
12.4
17.9
29.0
24.3
19.3
25.0
16.6
17.0
9.8
8.8
16.3
13.4
26.3
18.5
25.2
18.6
16.1
17.9
19.6
21.1
15.4
23.3
18.1
27.4
17.2
16.6
14.1
26.0
22.9
25.6
13.8
21.8
17.2
16.7
18.9
23.7
15.6
21.9
21.3
17.3
23.2
15.4
18.3
25.6
15.6
17.0
16.9
26.3
15.2
17.8
13.8
18.4
19.3
20.2
18.0
24.3
16.7
17.8
25.9
31.7
17.9
18.8
21.5
22.8
32.3
16.1
15.8
19.9
27.2
14.3
20.8
9.4
28.0
11.0
26.2
23.7
31.3
22.1
22.7
23.2
18.5
20.1
9.9
9.3
35.8
8.4
11.0
8.2
12.4
8.2
13.0
4.9
9.7
8.4
10.1
13.8
14.9
11.1
12.4
16.0
14.2
7.0
10.7
10.4
8.7
10.1
14.2
13.8
13.8
10.9
7.3
8.5
12.3
7.7
7.4
8.7
14.3
12.1
9.5
7.0
11.8
36.0
7.4
13.7
40.5
8.9
7.6
6.2
12.0
7.5
10.7
10.6
9.1
8.9
8.6
22.7
18.6
16.3
18.7
31.7
8.8
14.6
14.1
13.6
15.5
13.4
18.6
10.2
16.5
16.9
16.9
16.6
18.3
13.7
13.9
4.9
13.3
11.9
20.1
18.1
11.4
17.7
8.1
13.9
20.3
18.0
14.0
18.1
18.4
13.5
19.5
15.9
15.8
13.5
24.6
16.6
14.2
9.2
18.3
12.0
15.9
14.6
20.8
11.0
17.6
18.5
7.4
21.9
9.4
13.0
19.0
17.7
20.2
13.6
18.1
15.2
11.0
13.7
19.6
13.3
23.5
16.1
12.2
6.9
15.7
19.7
14.3
23.3
15.5
11.4
15.0
15.4
17.4
14.6
7.8
12.5
20.6
6.3
15.3
12.4
13.7
14.7
11.1
26.4
12.8
21.8
9.9
15.1
15.0
18.4
20.6
7.0
16.3
22.8
27.1
20.0
12.9
21.6
17.3
14.7
17.8
14.7
19.1
21.2
14.2
16.0
13.9
19.1
13.9
8.8
9.9
28.8
14.9
17.4
21.1
16.5
20.7
22.1
18.2
8.3
22.6
16.8
22.2
15.9
13.1
16.6
11.6
26.1
20.7
12.6
17.3
19.7
14.5
22.9
14.1
16.6
28.4
18.5
19.5
14.5
22.0
14.1
25.7
18.5
18.8
18.6
26.5
13.2
9.3
22.9
21.4
14.6
12.8
20.2
15.9
11.2
14.8
16.3
15.4
15.2
18.0
22.5
9.8
16.5
13.6
17.8
19.5
15.0
14.5
18.7
11.8
17.3
18.6
11.6
17.2
19.8
20.2
18.9
20.1
20.0
16.0
17.8
27.4
18.6
18.0
17.8
16.5
22.1
16.1
16.5
18.6
13.4
18.2
11.4
15.6
14.6
8.7
12.9
13.0
12.2
12.6
13.9
14.1
13.3
5.4
9.3
14.9
13.1
11.6
20.5
6.9
18.3
14.5
16.1
16.6
15.9
8.3
13.3
10.3
10.4
16.9
18.4
16.3
11.0
11.1
14.7
12.7
17.7
15.3
11.8
13.6
10.5
14.4
10.7
13.7
15.6
14.2
16.6
13.5
15.3
12.0
6.1
10.0
9.7
14.2
9.7
26.5
9.1
15.1
12.8
11.9
12.4
13.9
12.9
15.3
12.3
16.0
12.6
10.5
12.2
10.2
12.1
10.1
6.4
8.7
8.3
17.1
8.9
21.6
18.9
36.0
16.8
27.6
29.1
12.5
14.4
18.2
18.2
23.0
24.5
26.8
24.9
20.6
24.0
31.5
12.1
19.9
22.7
19.8
21.2
15.8
23.1
25.2
18.6
23.7
16.7
21.0
20.6
28.0
13.2
17.2
27.4
30.7
17.2
19.1
23.7
18.9
17.2
21.5
17.9
17.9
20.1
30.8
13.4
6.5
20.4
39.3
14.7
17.8
8.8
13.2
35.6
10.2
14.2
23.6
14.9
24.5
11.1
44.2
10.3
12.2
20.8
4.7
33.3
12.0
12.5
17.4
13.3
11.4
19.2
14.9
7.2
12.4
15.8
17.6
11.4
13.2
8.1
22.3
12.2
14.4
9.2
16.3
14.4
4.5
17.0
7.8
19.9
18.6
11.0
36.6
9.5
10.9
11.9
13.5
14.1
13.1
19.6
12.0
53.2
13.2
10.2
5.8
44.6
20.6
9.1
4.4
10.9
13.4
42.3
18.2
20.0
22.1
22.4
13.7
19.8
23.8
17.8
20.1
22.9
13.8
19.9
22.9
20.6
26.1
20.9
18.9
17.6
18.5
22.6
19.0
15.4
17.8
14.0
25.7
15.1
18.7
19.5
20.4
22.0
29.7
19.2
16.6
30.8
24.6
22.6
16.2
21.1
18.8
19.2
17.4
23.5
13.9
22.1
18.3
26.4
14.6
31.7
26.0
18.1
19.9
16.3
16.1
18.3
22.6
21.2
20.0
18.2
16.2
15.4
20.7
19.6
16.4
13.2
20.8
17.9
22.4
21.1
19.2
17.3
26.5
22.6
15.0
13.0
13.0
28.3
17.4
14.5
20.8
19.4
20.0
18.3
10.4
13.4
13.6
21.7
23.6
22.5
21.5
18.3
20.2
20.9
19.9
5.7
10.2
20.3
12.5
19.3
19.6
11.3
11.1
16.4
10.1
13.0
15.3
16.5
15.4
22.2
15.3
17.6
9.3
0.9
14.7
19.7
11.2
29.8
12.4
18.6
38.3
18.4
15.0
16.3
18.7
17.6
15.2
34.8
21.8
7.2
20.9
24.1
9.7
24.5
15.9
10.3
15.1
11.0
27.6
7.8
20.4
16.6
10.2
26.4
16.5
14.8
13.4
15.4
13.8
16.7
26.5
25.2
18.1
19.1
21.9
18.9
17.9
8.7
13.5
18.8
26.5
16.7
19.7
19.0
15.9
18.4
11.9
23.3
22.3
20.9
17.2
11.6
17.1
20.3
15.4
8.4
14.4
15.6
24.0
16.8
13.3
15.5
12.0
4.2
14.7
21.9
14.6
15.7
17.6
19.1
9.7
22.3
23.8
12.6
17.0
26.6
10.9
18.5
16.0
8.6
18.9
17.0
11.7
18.9
34.8
17.0
15.7
12.1
19.3
19.7
15.3
44.1
19.9
15.8
8.7
16.7
12.7
17.8
7.4
21.0
14.0
21.7
12.0
18.5
23.3
13.3
9.3
32.8
8.6
14.9
19.5
5.9
25.7
24.5
20.8
19.1
22.1
16.9
21.7
8.3
12.4
17.7
18.4
21.5
10.9
17.1
14.1
12.0
20.4
20.2
16.6
22.0
19.2
25.2
23.2
15.8
13.6
21.1
30.5
17.7
23.5
10.4
19.2
13.1
11.7
15.6
12.4
15.4
20.6
25.5
25.7
21.1
16.1
18.5
18.4
17.3
14.2
14.4
18.5
12.7
10.9
21.3
16.7
20.2
23.1
24.8
13.6
10.3
9.5
20.2
16.1
21.9
16.2
3.0
20.7
5.9
21.9
17.8
25.8
26.4
20.1
17.0
15.2
22.8
15.7
16.1
22.1
13.7
16.7
9.3
39.2
18.8
15.1
16.6
7.3
23.1
15.2
17.4
10.0
14.0
13.7
22.0
16.2
17.4
16.1
17.4
15.8
17.1
26.5
22.1
16.4
16.9
26.0
20.4
20.4
14.9
31.4
18.8
14.3
15.6
20.7
40.0
7.0
11.5
12.8
10.8
14.6
11.7
16.0
34.7
35.0
14.1
8.8
16.6
15.1
8.6
7.9
8.9
10.0
11.5
13.7
20.9
14.7
7.8
13.3
4.0
25.4
7.0
12.7
27.1
15.7
15.4
8.5
8.7
11.6
14.0
9.5
15.3
18.2
12.8
11.3
13.9
14.1
11.2
15.9
10.2
6.9
12.6
13.1
15.4
13.0
9.6
12.4
10.3
20.5
10.2
12.6
8.3
11.4
17.7
8.0
9.5
16.4
8.2
16.6
7.7
24.0
25.9
23.0
14.7
12.7
18.1
11.8
17.9
6.7
6.7
8.7
9.1
16.3
20.9
13.2
11.1
5.9
5.6
12.7
7.1
14.0
7.1
13.3
9.2
5.6
19.1
12.0
21.6
21.3
5.1
10.7
17.1
10.2
12.0
8.7
9.2
7.1
9.5
11.7
26.8
3.6
10.3
22.6
13.3
10.1
19.6
9.4
24.5
14.2
5.9
24.3
11.1
16.8
12.6
15.1
17.1
14.5
5.4
19.8
8.1
6.3
13.9
10.8
12.8
6.6
12.6
10.4
19.3
18.3
11.7
18.4
16.0
7.6
5.1
11.5
15.3
18.3
9.3
12.1
12.9
21.9
14.4
5.7
8.4
18.7
21.0
20.6
27.5
8.5
9.3
21.3
27.4
29.0
7.2
4.0
23.0
18.6
25.3
14.9
33.5
20.1
25.2
24.7
11.7
7.0
27.2
15.2
19.2
18.1
26.7
5.6
18.4
37.7
25.6
22.4
11.7
18.0
11.4
7.9
19.9
19.5
20.1
22.9
13.6
12.8
13.2
14.6
12.4
17.1
17.6
15.8
20.7
20.2
12.1
20.3
19.0
9.0
13.3
11.5
10.4
22.6
17.5
15.4
14.2
17.3
20.7
17.2
20.4
12.4
10.8
13.5
12.5
10.4
15.4
16.5
11.7
22.6
17.8
16.4
32.6
22.6
17.6
13.1
20.7
22.0
13.1
22.2
22.0
24.8
15.5
21.2
28.5
14.6
19.7
18.0
16.9
15.7
17.7
19.0
11.2
14.1
20.3
27.3
19.8
36.3
15.9
16.1
19.0
22.2
15.8
22.9
22.4
13.6
15.3
19.2
15.4
18.8
14.6
19.1
13.2
11.3
17.1
15.9
21.1
24.8
19.0
19.3
17.7
19.9
18.4
20.0
25.2
19.7
19.3
16.2
21.5
10.6
18.8
12.8
13.5
11.5
12.0
17.1
6.4
11.1
14.9
9.3
12.6
12.9
9.0
10.1
15.1
15.7
15.7
14.3
9.8
16.5
16.6
10.3
11.5
9.8
16.4
16.9
11.2
13.6
14.0
9.4
14.0
11.7
14.5
11.1
9.7
10.9
13.2
13.6
31.4
21.6
14.4
10.2
10.7
8.7
5.2
12.5
12.4
10.8
13.7
15.9
13.3
12.8
14.3
18.7
7.6
10.8
18.8
11.5
9.5
13.9
11.9
14.5
13.3
13.4
13.8
6.3
5.4
10.6
11.6
12.3
11.0
26.0
10.2
7.7
13.5
8.6
6.7
15.0
18.3
11.9
7.5
10.8
6.9
9.9
16.3
8.2
16.1
8.8
6.1
11.3
8.2
13.3
12.1
11.2
